Analysis of start_t: '2011-04-25 20:59:51' to: '2011-04-25 21:14:21'
Rs1 has 290 results!
Rs2 has 289 results!
Rs3 has 289 results!
Rs4 has 289 results!
Data: [122.0, 0.054726368159204, 5791872.0, 243.0, 2.7350677E8]
Data: [122.0, 0.1343283582089552, 5801772.0, 136.0, 1.811253722E9]
Data: [146.0, 0.1382316313823163, 5805576.0, 286.0, 1.818195572E9]
Data: [146.0, 0.132334581772784, 5810424.0, 130.0, 1.817019206E9]
Data: [146.0, 0.1442786069651741, 5812584.0, 111.0, 1.875139602E9]
Data: [152.0, 0.1391304347826087, 5815164.0, 134.0, 1.85297894E9]
Data: [152.0, 0.1417910447761194, 5817464.0, 107.0, 1.799214352E9]
Data: [146.0, 0.1380597014925373, 5819092.0, 133.0, 2.072431728E9]
Data: [146.0, 0.12702366127023662, 5818244.0, 109.0, 2.05380754E9]
Data: [146.0, 0.14214463840399, 5822348.0, 107.0, 2.075709796E9]
Data: [146.0, 0.1382316313823163, 5822856.0, 309.0, 1.8058012E9]
Data: [146.0, 0.1332503113325031, 5821436.0, 110.0, 1.832831514E9]
Data: [146.0, 0.1330845771144278, 5821192.0, 143.0, 6.14261176E8]
Data: [128.0, 0.1366459627329193, 5822768.0, 111.0, 1.773719282E9]
Data: [152.0, 0.1343283582089552, 5822960.0, 131.0, 1.80012901E9]
Data: [146.0, 0.136986301369863, 5823900.0, 111.0, 1.781481946E9]
Data: [146.0, 0.1343283582089552, 5825800.0, 115.0, 1.794538576E9]
Data: [146.0, 0.1359102244389028, 5826336.0, 111.0, 1.805529984E9]
Data: [146.0, 0.1382316313823163, 5827060.0, 124.0, 1.83370393E9]
Data: [146.0, 0.1355721393034826, 5826964.0, 112.0, 1.79311891E9]
Data: [146.0, 0.1318407960199005, 5828700.0, 119.0, 1.795997978E9]
Data: [146.0, 0.1394769613947696, 5830008.0, 112.0, 1.798495764E9]
Data: [146.0, 0.1305970149253732, 5830880.0, 218.0, 1.79682446E9]
Data: [146.0, 0.130922693266833, 5831800.0, 109.0, 1.808465656E9]
Data: [146.0, 0.1357409713574097, 5834044.0, 129.0, 9.96608268E8]
Data: [146.0, 0.03491271820448879, 5834060.0, 123.0, 1.633944612E9]
Data: [133.0, 0.1304347826086957, 5834336.0, 124.0, 2.100174626E9]
Data: [152.0, 0.1293532338308458, 5836456.0, 113.0, 2.06112324E9]
Data: [146.0, 0.1357409713574097, 5837608.0, 105.0, 2.08605925E9]
Data: [146.0, 0.1273408239700374, 5838116.0, 120.0, 2.078189238E9]
Data: [146.0, 0.1267080745341615, 5840108.0, 118.0, 2.076611866E9]
Data: [146.0, 0.12344139650872821, 5839512.0, 126.0, 2.092579332E9]
Data: [152.0, 0.1256218905472637, 5841512.0, 104.0, 2.104468892E9]
Data: [152.0, 0.1290322580645161, 5843192.0, 121.0, 2.071769462E9]
Data: [146.0, 0.13275434243176182, 5843800.0, 175.0, 2.079866464E9]
Data: [146.0, 0.12453300124533001, 5844964.0, 119.0, 8.34722108E8]
Data: [146.0, 0.0384615384615385, 5846016.0, 119.0, 1.508976476E9]
Data: [146.0, 0.13200498132004979, 5847224.0, 136.0, 1.732061754E9]
Data: [146.0, 0.12967581047381552, 5846684.0, 101.0, 1.702733616E9]
Data: [146.0, 0.1305970149253731, 5847972.0, 108.0, 1.824854504E9]
Data: [146.0, 0.1293532338308457, 5847996.0, 123.0, 1.805311554E9]
Data: [146.0, 0.1267080745341615, 5849232.0, 109.0, 1.788809892E9]
Data: [146.0, 0.1332503113325031, 5850004.0, 114.0, 1.74241472E9]
Data: [146.0, 0.1295143212951432, 5850772.0, 106.0, 1.784946796E9]
Data: [146.0, 0.1271820448877805, 5852432.0, 125.0, 1.79476976E9]
Data: [146.0, 0.128428927680798, 5854196.0, 124.0, 1.777213162E9]
Data: [146.0, 0.1296758104738155, 5854956.0, 128.0, 1.836687888E9]
Data: [146.0, 0.12406947890818859, 5855704.0, 117.0, 1.94766058E9]
Data: [146.0, 0.12049689440993791, 5857540.0, 138.0, 6.92589954E8]
Data: [122.0, 0.12453300124533001, 5859056.0, 115.0, 2.054831094E9]
Data: [152.0, 0.12189054726368159, 5859676.0, 112.0, 2.061180128E9]
Data: [152.0, 0.12453300124533, 5859656.0, 133.0, 2.063960354E9]
Data: [146.0, 0.123134328358209, 5861044.0, 107.0, 2.068892548E9]
Data: [146.0, 0.1271820448877805, 5861572.0, 128.0, 2.11681528E9]
Data: [146.0, 0.1254658385093168, 5863076.0, 107.0, 2.166675712E9]
Data: [146.0, 0.12049689440993791, 5865108.0, 128.0, 1.80582925E9]
Data: [146.0, 0.13275434243176182, 5867032.0, 111.0, 1.785269032E9]
Data: [152.0, 0.1318407960199005, 5867620.0, 188.0, 1.752701734E9]
Data: [146.0, 0.12484394506866409, 5868140.0, 108.0, 1.846780996E9]
Data: [146.0, 0.1305970149253731, 5869528.0, 118.0, 8.1016851E8]
Data: [146.0, 0.0323383084577114, 5870460.0, 134.0, 2.039051556E9]
Data: [146.0, 0.1354037267080745, 5873056.0, 108.0, 2.168532488E9]
Data: [146.0, 0.1281094527363184, 5873520.0, 127.0, 2.110913794E9]
Data: [146.0, 0.12422360248447209, 5875080.0, 108.0, 2.094112132E9]
Data: [146.0, 0.1232876712328767, 5876632.0, 120.0, 2.123035886E9]
Data: [146.0, 0.1172069825436409, 5877648.0, 111.0, 2.094046872E9]
Data: [146.0, 0.1220423412204234, 5877312.0, 125.0, 2.079766408E9]
Data: [146.0, 0.114713216957606, 5877468.0, 114.0, 2.114751256E9]
Data: [146.0, 0.12437810945273631, 5878336.0, 128.0, 2.16244248E9]
Data: [146.0, 0.123134328358209, 5879108.0, 173.0, 2.086775872E9]
Data: [146.0, 0.1281094527363184, 5880516.0, 215.0, 1.42970544E8]
Data: [128.0, 0.0360696517412935, 5875280.0, 3749.0, 46948.0]
Data: [128.0, 0.02732919254658386, 6262504.0, 37097.0, 40470.0]
Data: [122.0, 0.019900497512437828, 6265080.0, 37271.0, 122986.0]
Data: [122.0, 0.039850560398505604, 6264916.0, 28302.0, 67392.0]
Data: [117.0, 0.039850560398505604, 6264816.0, 22247.0, 72200.0]
Data: [117.0, 0.041044776119403, 6266472.0, 20846.0, 69074.0]
Data: [117.0, 0.0360696517412935, 6267012.0, 17690.0, 39386.0]
Data: [122.0, 0.01364764267990079, 6266372.0, 19007.0, 39080.0]
Data: [122.0, 0.01612903225806447, 6266692.0, 19026.0, 39186.0]
Data: [122.0, 0.02114427860696513, 6266864.0, 14569.0, 39184.0]
Data: [122.0, 0.0199252801992528, 6267308.0, 14948.0, 38972.0]
Data: [122.0, 0.0161892901618929, 6267824.0, 13018.0, 39452.0]
Data: [122.0, 0.01985111662531019, 6268080.0, 12834.0, 39082.0]
Data: [122.0, 0.0149439601494396, 6269004.0, 13687.0, 39074.0]
Data: [122.0, 0.021065675340768242, 6269444.0, 11134.0, 39184.0]
Data: [128.0, 0.02357320099255587, 6270080.0, 11277.0, 39184.0]
Data: [128.0, 0.02119700748129676, 6271108.0, 11678.0, 109648.0]
Data: [122.0, 0.0161892901618929, 6272648.0, 12204.0, 39180.0]
Data: [128.0, 0.01616915422885576, 6273644.0, 9976.0, 39082.0]
Data: [128.0, 0.01612903225806456, 6274540.0, 4745.0, 477256.0]
Data: [128.0, 0.0459627329192547, 4957764.0, 11050.0, 66824.0]
Data: [133.0, 0.0360696517412936, 6332648.0, 41241.0, 72362.0]
Data: [122.0, 0.0361596009975062, 6336076.0, 32178.0, 66924.0]
Data: [122.0, 0.0361145703611457, 6333964.0, 21570.0, 72412.0]
Data: [122.0, 0.0336239103362391, 6332784.0, 25064.0, 69956.0]
Data: [122.0, 0.03245942571785273, 6334448.0, 30195.0, 66720.0]
Data: [122.0, 0.032298136645962705, 6334732.0, 21882.0, 42052.0]
Data: [122.0, 0.012453300124533, 6333772.0, 15830.0, 39038.0]
Data: [122.0, 0.0149439601494396, 6333608.0, 15799.0, 109870.0]
Data: [122.0, 0.014906832298136621, 6334436.0, 13515.0, 109390.0]
Data: [122.0, 0.01246882793017456, 6334260.0, 12373.0, 38976.0]
Data: [122.0, 0.012437810945273658, 6334588.0, 13931.0, 39080.0]
Data: [122.0, 0.0136986301369863, 6335068.0, 13268.0, 38966.0]
Data: [122.0, 0.012422360248447221, 6335388.0, 11841.0, 109404.0]
Data: [122.0, 0.021118012422360243, 6335884.0, 11146.0, 39182.0]
Data: [122.0, 0.01492537313432836, 6336428.0, 11584.0, 39080.0]
Data: [122.0, 0.02114427860696516, 6337328.0, 11734.0, 39076.0]
Data: [122.0, 0.01496259351620946, 6338968.0, 11338.0, 39078.0]
Data: [122.0, 0.01496259351620946, 6339612.0, 5252.0, 266778.0]
Data: [122.0, 0.146583850931677, 4968420.0, 2527.0, 237250.0]
Data: [133.0, 0.062111801242236, 6371904.0, 25151.0, 40258.0]
Data: [122.0, 0.0136986301369863, 6373908.0, 36749.0, 114356.0]
Data: [128.0, 0.0385572139303482, 6374500.0, 28135.0, 69386.0]
Data: [122.0, 0.0386052303860523, 6372212.0, 29180.0, 69172.0]
Data: [122.0, 0.039751552795031, 6371928.0, 17919.0, 65092.0]
Data: [122.0, 0.0348258706467661, 6371376.0, 26155.0, 44202.0]
Data: [122.0, 0.0149439601494396, 6371836.0, 17954.0, 38970.0]
Data: [122.0, 0.01237623762376234, 6371536.0, 17213.0, 39080.0]
Data: [128.0, 0.01488833746898259, 6371404.0, 17775.0, 38974.0]
Data: [122.0, 0.012453300124533, 6371324.0, 14607.0, 38972.0]
Data: [128.0, 0.012437810945273658, 6371088.0, 12453.0, 38976.0]
Data: [128.0, 0.0112219451371571, 6371312.0, 14526.0, 38940.0]
Data: [128.0, 0.012453300124533, 6372180.0, 11827.0, 39072.0]
Data: [128.0, 0.019900497512437762, 6372376.0, 11972.0, 39184.0]
Data: [128.0, 0.01488833746898259, 6373784.0, 11648.0, 39556.0]
Data: [128.0, 0.0136986301369863, 6374196.0, 11733.0, 39174.0]
Data: [128.0, 0.01872659176029964, 6374516.0, 11507.0, 39080.0]
Data: [128.0, 0.0136986301369863, 6375444.0, 10904.0, 38968.0]
Data: [128.0, 0.0136986301369863, 6376368.0, 2667.0, 542422.0]
Data: [128.0, 0.082089552238806, 5009220.0, 4794.0, 58760.0]
Data: [133.0, 0.0286425902864259, 6403080.0, 30072.0, 40470.0]
Data: [122.0, 0.01488833746898259, 6405936.0, 38110.0, 112532.0]
Data: [122.0, 0.043640897755611, 6408060.0, 25793.0, 72252.0]
Data: [122.0, 0.0386052303860523, 6404224.0, 25032.0, 67236.0]
Data: [122.0, 0.0398505603985056, 6405220.0, 22771.0, 67442.0]
Data: [122.0, 0.0399002493765586, 6403720.0, 22790.0, 44098.0]
Data: [122.0, 0.01119402985074626, 6404124.0, 19549.0, 39080.0]
Data: [122.0, 0.01371571072319206, 6403720.0, 19374.0, 39080.0]
Data: [122.0, 0.01492537313432836, 6403216.0, 15018.0, 39080.0]
Data: [122.0, 0.013681592039800959, 6402692.0, 13052.0, 39080.0]
Data: [122.0, 0.0124843945068664, 6403084.0, 11927.0, 39044.0]
Data: [122.0, 0.0124688279301746, 6403164.0, 13343.0, 39044.0]
Data: [122.0, 0.0136986301369863, 6403720.0, 12797.0, 39072.0]
Data: [122.0, 0.013681592039800959, 6402160.0, 11813.0, 39080.0]
Data: [122.0, 0.0149439601494396, 6402432.0, 12076.0, 39074.0]
Data: [122.0, 0.017434620174346202, 6403748.0, 11031.0, 38972.0]
Data: [122.0, 0.01486988847583647, 6404460.0, 11659.0, 38976.0]
Data: [122.0, 0.013681592039800959, 6405036.0, 11499.0, 38976.0]
Data: [122.0, 0.0610211706102117, 6381032.0, 5305.0, 474716.0]
Data: [133.0, 0.0560398505603985, 5146184.0, 43987.0, 69486.0]
Data: [128.0, 0.0386052303860523, 5426572.0, 36597.0, 66928.0]
Data: [122.0, 0.044665012406947896, 5426768.0, 21162.0, 61662.0]
Data: [128.0, 0.031133250311332503, 5730596.0, 23560.0, 75262.0]
Data: [122.0, 0.0360696517412936, 5729684.0, 23700.0, 70698.0]
Data: [122.0, 0.0336239103362391, 5730548.0, 19501.0, 44194.0]
Data: [122.0, 0.0174563591022444, 5730852.0, 18856.0, 69038.0]
Data: [117.0, 0.058457711442786095, 5984648.0, 15361.0, 39390.0]
Data: [117.0, 0.01, 5984624.0, 15650.0, 39068.0]
Data: [117.0, 0.013681592039800959, 5985060.0, 15139.0, 39080.0]
Data: [117.0, 0.0124378109452736, 5985732.0, 13849.0, 39148.0]
Data: [117.0, 0.0124378109452736, 5985532.0, 13509.0, 39148.0]
Data: [117.0, 0.0149439601494396, 5985276.0, 12138.0, 39074.0]
Data: [117.0, 0.01861042183622829, 5986696.0, 12507.0, 39184.0]
Data: [117.0, 0.023690773067331652, 6042576.0, 12247.0, 39178.0]
Data: [117.0, 0.0149439601494396, 6179044.0, 11964.0, 39180.0]
Data: [117.0, 0.013681592039801, 6179984.0, 10323.0, 39146.0]
Data: [117.0, 0.013681592039800959, 6180660.0, 12004.0, 39184.0]
Data: [117.0, 0.01865671641791046, 6181228.0, 10213.0, 38976.0]
Data: [117.0, 0.0112219451371571, 6181916.0, 12186.0, 39044.0]
Data: [117.0, 0.012453300124533, 6184944.0, 10710.0, 39142.0]
Data: [117.0, 0.01995012468827931, 6196600.0, 10558.0, 39184.0]
Data: [133.0, 0.0187265917602996, 6364248.0, 9873.0, 39520.0]
Data: [133.0, 0.02114427860696516, 6364776.0, 9694.0, 39182.0]
Data: [133.0, 0.019900497512437762, 6365732.0, 10642.0, 39080.0]
Data: [133.0, 0.0124378109452736, 6366808.0, 10770.0, 39044.0]
Data: [133.0, 0.0124378109452736, 6367460.0, 10246.0, 39044.0]
Data: [133.0, 0.0124688279301746, 6368152.0, 10222.0, 39044.0]
Data: [133.0, 0.012437810945273658, 6369504.0, 10096.0, 39080.0]
Data: [133.0, 0.013681592039801, 6371524.0, 10656.0, 39252.0]
Data: [122.0, 0.01496259351620946, 6372360.0, 9213.0, 39286.0]
Data: [117.0, 0.01741293532338309, 6410880.0, 9034.0, 39080.0]
Data: [117.0, 0.01616915422885569, 6421600.0, 8404.0, 39078.0]
Data: [117.0, 0.02611940298507458, 6403804.0, 5141.0, 639582.0]
Data: [128.0, 0.1354037267080745, 5113180.0, 41517.0, 113172.0]
Data: [128.0, 0.01741293532338313, 5588868.0, 35559.0, 85866.0]
Data: [128.0, 0.0136986301369863, 5587872.0, 32706.0, 40756.0]
Data: [128.0, 0.01614906832298134, 5588848.0, 21520.0, 70010.0]
Data: [128.0, 0.01492537313432836, 5937348.0, 20978.0, 39080.0]
Data: [128.0, 0.013681592039800959, 5936776.0, 18532.0, 39080.0]
Data: [128.0, 0.0112219451371571, 5935424.0, 18660.0, 39044.0]
Data: [128.0, 0.012453300124533, 5934404.0, 16585.0, 38934.0]
Data: [128.0, 0.012437810945273658, 5934052.0, 17452.0, 39556.0]
Data: [128.0, 0.0124688279301746, 5934172.0, 14268.0, 39148.0]
Data: [128.0, 0.01492537313432836, 6070188.0, 12117.0, 39082.0]
Data: [128.0, 0.01492537313432836, 6070832.0, 11538.0, 38978.0]
Data: [128.0, 0.012422360248447221, 6071616.0, 13118.0, 39080.0]
Data: [128.0, 0.012453300124533, 6073044.0, 13577.0, 39076.0]
Data: [128.0, 0.014925373134328328, 6081900.0, 10975.0, 140724.0]
Data: [128.0, 0.01865671641791046, 6224092.0, 10517.0, 39080.0]
Data: [128.0, 0.0112359550561798, 6224768.0, 10788.0, 39044.0]
Data: [128.0, 0.0136986301369863, 6225600.0, 11519.0, 38968.0]
Data: [128.0, 0.012422360248447221, 6225408.0, 10223.0, 38976.0]
Data: [128.0, 0.012422360248447221, 6226008.0, 11203.0, 39080.0]
Data: [128.0, 0.013681592039801, 6226432.0, 10883.0, 39042.0]
Data: [128.0, 0.01371571072319206, 6300592.0, 10414.0, 39080.0]
Data: [128.0, 0.01371571072319206, 6301720.0, 9434.0, 39080.0]
Data: [128.0, 0.013681592039800959, 6302544.0, 9916.0, 39080.0]
Data: [128.0, 0.012453300124533, 6303212.0, 9689.0, 39178.0]
Data: [128.0, 0.01490683229813664, 6460132.0, 8969.0, 69488.0]
Data: [128.0, 0.01990049751243779, 6462996.0, 9839.0, 39700.0]
Data: [128.0, 0.014906832298136621, 6464504.0, 9556.0, 39182.0]
Data: [128.0, 0.01371571072319206, 6465672.0, 9508.0, 39078.0]
Data: [128.0, 0.0149439601494396, 6466968.0, 9566.0, 39072.0]
Data: [128.0, 0.01246882793017456, 6468380.0, 9797.0, 39182.0]
Data: [128.0, 0.0136986301369863, 6469880.0, 9742.0, 38966.0]
Data: [128.0, 0.0124223602484472, 6471980.0, 9091.0, 39042.0]
Data: [128.0, 0.014906832298136621, 6474372.0, 4393.0, 171392.0]
Data: [128.0, 0.15106117353308368, 5132788.0, 1516.0, 1042842.0]
Data: [133.0, 0.0534825870646767, 5170680.0, 208.0, 52744.0]
Data: [199.0, 0.8929016189290162, 5305164.0, 154.0, 75528.0]
Data: [208.0, 0.9987562189054724, 5309900.0, 149.0, 77660.0]
Data: [218.0, 0.8667496886674971, 5954552.0, 104.0, 64200.0]
Data: [208.0, 0.9987577639751555, 5413632.0, 151.0, 96002.0]
Data: [139.0, 0.5080745341614908, 5701920.0, 121.0, 64108.0]
Data: [228.0, 0.8493150684931511, 6449052.0, 54.0, 46998.0]
Data: [208.0, 0.9900373599003732, 5637444.0, 190.0, 81612.0]
Data: [218.0, 0.9987546699875469, 5642476.0, 352.0, 86404.0]
Data: [146.0, 0.573383084577114, 6168492.0, 180.0, 63336.0]
Data: [228.0, 0.8283582089552242, 6928408.0, 111.0, 62844.0]
Data: [228.0, 0.8718905472636814, 7647732.0, 120.0, 75038.0]
Data: [228.0, 0.8956521739130431, 8335176.0, 121.0, 58112.0]
Data: [218.0, 1.0000000000000002, 6099948.0, 159.0, 81720.0]
Data: [218.0, 0.9452736318407964, 5747228.0, 165.0, 88794.0]
Data: [128.0, 0.7173100871731006, 5447512.0, 127.0, 53560.0]
Data: [218.0, 0.9925373134328355, 5302596.0, 147.0, 88148.0]
Data: [182.0, 0.7238805970149259, 5605368.0, 92.0, 71008.0]
Data: [218.0, 1.0, 5418340.0, 82.0, 56068.0]
Data: [218.0, 0.9999999999999998, 5421476.0, 161.0, 85894.0]
Data: [199.0, 0.7416149068322977, 6030544.0, 206.0, 70804.0]
Data: [228.0, 0.848258706467662, 6719428.0, 100.0, 56340.0]
Data: [199.0, 0.9999999999999996, 5648068.0, 159.0, 85998.0]
Data: [218.0, 0.180572851805729, 5263840.0, 98.0, 71038.0]
Data: [218.0, 0.7487562189054726, 6277660.0, 123.0, 71146.0]
Data: [228.0, 0.8126550868486351, 7034228.0, 150.0, 70122.0]
Data: [228.0, 0.8681592039800996, 7752192.0, 103.0, 69604.0]
Data: [228.0, 0.9053549190535495, 8434680.0, 111.0, 58122.0]
Data: [218.0, 0.9999999999999998, 6127364.0, 136.0, 86208.0]
Data: [218.0, 0.7855361596009971, 5624328.0, 171.0, 70462.0]
Data: [218.0, 0.778606965174129, 5477728.0, 91.0, 41948.0]
Data: [218.0, 1.0, 5314556.0, 234.0, 99866.0]
Data: [218.0, 0.7657992565055759, 5669568.0, 102.0, 68750.0]
Data: [174.0, 1.0000000000000002, 5430660.0, 125.0, 63302.0]
Data: [218.0, 1.0000000000000002, 5434380.0, 150.0, 81196.0]
Data: [218.0, 0.7786069651741289, 6107716.0, 103.0, 70496.0]
Data: [228.0, 0.8742216687422169, 6818616.0, 128.0, 65118.0]
Data: [218.0, 1.0000000000000004, 5660720.0, 92.0, 76610.0]
Data: [218.0, 0.06343283582089557, 5356908.0, 153.0, 70730.0]
Data: [199.0, 0.773234200743494, 6484548.0, 110.0, 71026.0]
Data: [228.0, 0.838308457711443, 7230572.0, 114.0, 71070.0]
Data: [228.0, 0.8813982521847691, 7936676.0, 114.0, 71258.0]
Data: [238.0, 0.5937888198757759, 5607808.0, 110.0, 57306.0]
Data: [218.0, 0.9937733499377338, 6125964.0, 218.0, 84506.0]
Data: [218.0, 0.0422885572139303, 5202448.0, 287.0, 70520.0]
Data: [218.0, 0.0, 5191428.0, 36013.0, 70384.0]
Data: [133.0, 0.06451612903225803, 6091540.0, 62877.0, 69510.0]
Data: [139.0, 0.00998751560549313, 7393276.0, 66610.0, 70368.0]
Data: [139.0, 0.06600249066002489, 7395320.0, 69532.0, 70524.0]
Data: [139.0, 0.06716417910447765, 7396884.0, 44995.0, 70700.0]
Data: [139.0, 0.06491885143570537, 7392656.0, 36969.0, 70600.0]
Data: [139.0, 0.07089552238805968, 7393432.0, 43175.0, 39490.0]
Data: [139.0, 0.0735660847880299, 7394088.0, 36967.0, 39282.0]
Data: [139.0, 0.06832298136645959, 7392496.0, 53000.0, 39282.0]
Data: [139.0, 0.07089552238805974, 7395560.0, 34958.0, 39178.0]
Data: [122.0, 0.058530510585305104, 7392632.0, 39539.0, 39178.0]
Data: [122.0, 0.0709838107098381, 7387492.0, 1886.0, 228222.0]
Data: [122.0, 0.1144278606965174, 7353544.0, 154.0, 71878.0]
Data: [122.0, 0.0759651307596513, 7353660.0, 103.0, 70356.0]
Data: [139.0, 0.072139303482587, 7353388.0, 137.0, 70934.0]
Data: [139.0, 0.0708955223880597, 7354860.0, 124.0, 69896.0]
Data: [139.0, 0.0745341614906832, 7354260.0, 134.0, 70950.0]
Data: [139.0, 0.034869240348692404, 7354900.0, 123.0, 69916.0]
Data: [139.0, 0.0748129675810474, 7355004.0, 139.0, 70358.0]
Data: [133.0, 0.06716417910447758, 7356100.0, 114.0, 70460.0]
Data: [139.0, 0.07596513075965129, 7356528.0, 111.0, 69888.0]
Data: [139.0, 0.06600249066002489, 7356672.0, 165.0, 70110.0]
Data: [139.0, 0.07444168734491319, 7358436.0, 144.0, 70644.0]
Data: [139.0, 0.0756823821339951, 7359464.0, 153.0, 70252.0]
X1 data: [0.054726368159204, 0.1343283582089552, 0.1382316313823163, 0.132334581772784, 0.1442786069651741, 0.1391304347826087, 0.1417910447761194, 0.1380597014925373, 0.12702366127023662, 0.14214463840399, 0.1382316313823163, 0.1332503113325031, 0.1330845771144278, 0.1366459627329193, 0.1343283582089552, 0.136986301369863, 0.1343283582089552, 0.1359102244389028, 0.1382316313823163, 0.1355721393034826, 0.1318407960199005, 0.1394769613947696, 0.1305970149253732, 0.130922693266833, 0.1357409713574097, 0.03491271820448879, 0.1304347826086957, 0.1293532338308458, 0.1357409713574097, 0.1273408239700374, 0.1267080745341615, 0.12344139650872821, 0.1256218905472637, 0.1290322580645161, 0.13275434243176182, 0.12453300124533001, 0.0384615384615385, 0.13200498132004979, 0.12967581047381552, 0.1305970149253731, 0.1293532338308457, 0.1267080745341615, 0.1332503113325031, 0.1295143212951432, 0.1271820448877805, 0.128428927680798, 0.1296758104738155, 0.12406947890818859, 0.12049689440993791, 0.12453300124533001, 0.12189054726368159, 0.12453300124533, 0.123134328358209, 0.1271820448877805, 0.1254658385093168, 0.12049689440993791, 0.13275434243176182, 0.1318407960199005, 0.12484394506866409, 0.1305970149253731, 0.0323383084577114, 0.1354037267080745, 0.1281094527363184, 0.12422360248447209, 0.1232876712328767, 0.1172069825436409, 0.1220423412204234, 0.114713216957606, 0.12437810945273631, 0.123134328358209, 0.1281094527363184, 0.0360696517412935, 0.02732919254658386, 0.019900497512437828, 0.039850560398505604, 0.039850560398505604, 0.041044776119403, 0.0360696517412935, 0.01364764267990079, 0.01612903225806447, 0.02114427860696513, 0.0199252801992528, 0.0161892901618929, 0.01985111662531019, 0.0149439601494396, 0.021065675340768242, 0.02357320099255587, 0.02119700748129676, 0.0161892901618929, 0.01616915422885576, 0.01612903225806456, 0.0459627329192547, 0.0360696517412936, 0.0361596009975062, 0.0361145703611457, 0.0336239103362391, 0.03245942571785273, 0.032298136645962705, 0.012453300124533, 0.0149439601494396, 0.014906832298136621, 0.01246882793017456, 0.012437810945273658, 0.0136986301369863, 0.012422360248447221, 0.021118012422360243, 0.01492537313432836, 0.02114427860696516, 0.01496259351620946, 0.01496259351620946, 0.146583850931677, 0.062111801242236, 0.0136986301369863, 0.0385572139303482, 0.0386052303860523, 0.039751552795031, 0.0348258706467661, 0.0149439601494396, 0.01237623762376234, 0.01488833746898259, 0.012453300124533, 0.012437810945273658, 0.0112219451371571, 0.012453300124533, 0.019900497512437762, 0.01488833746898259, 0.0136986301369863, 0.01872659176029964, 0.0136986301369863, 0.0136986301369863, 0.082089552238806, 0.0286425902864259, 0.01488833746898259, 0.043640897755611, 0.0386052303860523, 0.0398505603985056, 0.0399002493765586, 0.01119402985074626, 0.01371571072319206, 0.01492537313432836, 0.013681592039800959, 0.0124843945068664, 0.0124688279301746, 0.0136986301369863, 0.013681592039800959, 0.0149439601494396, 0.017434620174346202, 0.01486988847583647, 0.013681592039800959, 0.0610211706102117, 0.0560398505603985, 0.0386052303860523, 0.044665012406947896, 0.031133250311332503, 0.0360696517412936, 0.0336239103362391, 0.0174563591022444, 0.058457711442786095, 0.01, 0.013681592039800959, 0.0124378109452736, 0.0124378109452736, 0.0149439601494396, 0.01861042183622829, 0.023690773067331652, 0.0149439601494396, 0.013681592039801, 0.013681592039800959, 0.01865671641791046, 0.0112219451371571, 0.012453300124533, 0.01995012468827931, 0.0187265917602996, 0.02114427860696516, 0.019900497512437762, 0.0124378109452736, 0.0124378109452736, 0.0124688279301746, 0.012437810945273658, 0.013681592039801, 0.01496259351620946, 0.01741293532338309, 0.01616915422885569, 0.02611940298507458, 0.1354037267080745, 0.01741293532338313, 0.0136986301369863, 0.01614906832298134, 0.01492537313432836, 0.013681592039800959, 0.0112219451371571, 0.012453300124533, 0.012437810945273658, 0.0124688279301746, 0.01492537313432836, 0.01492537313432836, 0.012422360248447221, 0.012453300124533, 0.014925373134328328, 0.01865671641791046, 0.0112359550561798, 0.0136986301369863, 0.012422360248447221, 0.012422360248447221, 0.013681592039801, 0.01371571072319206, 0.01371571072319206, 0.013681592039800959, 0.012453300124533, 0.01490683229813664, 0.01990049751243779, 0.014906832298136621, 0.01371571072319206, 0.0149439601494396, 0.01246882793017456, 0.0136986301369863, 0.0124223602484472, 0.014906832298136621, 0.15106117353308368, 0.0534825870646767, 0.8929016189290162, 0.9987562189054724, 0.8667496886674971, 0.9987577639751555, 0.5080745341614908, 0.8493150684931511, 0.9900373599003732, 0.9987546699875469, 0.573383084577114, 0.8283582089552242, 0.8718905472636814, 0.8956521739130431, 1.0000000000000002, 0.9452736318407964, 0.7173100871731006, 0.9925373134328355, 0.7238805970149259, 1.0, 0.9999999999999998, 0.7416149068322977, 0.848258706467662, 0.9999999999999996, 0.180572851805729, 0.7487562189054726, 0.8126550868486351, 0.8681592039800996, 0.9053549190535495, 0.9999999999999998, 0.7855361596009971, 0.778606965174129, 1.0, 0.7657992565055759, 1.0000000000000002, 1.0000000000000002, 0.7786069651741289, 0.8742216687422169, 1.0000000000000004, 0.06343283582089557, 0.773234200743494, 0.838308457711443, 0.8813982521847691, 0.5937888198757759, 0.9937733499377338, 0.0422885572139303, 0.0, 0.06451612903225803, 0.00998751560549313, 0.06600249066002489, 0.06716417910447765, 0.06491885143570537, 0.07089552238805968, 0.0735660847880299, 0.06832298136645959, 0.07089552238805974, 0.058530510585305104, 0.0709838107098381, 0.1144278606965174, 0.0759651307596513, 0.072139303482587, 0.0708955223880597, 0.0745341614906832, 0.034869240348692404, 0.0748129675810474, 0.06716417910447758, 0.07596513075965129, 0.06600249066002489, 0.07444168734491319, 0.0756823821339951, 0.0, 0.0, 0.0, ]
X2 data: [5791872.0, 5801772.0, 5805576.0, 5810424.0, 5812584.0, 5815164.0, 5817464.0, 5819092.0, 5818244.0, 5822348.0, 5822856.0, 5821436.0, 5821192.0, 5822768.0, 5822960.0, 5823900.0, 5825800.0, 5826336.0, 5827060.0, 5826964.0, 5828700.0, 5830008.0, 5830880.0, 5831800.0, 5834044.0, 5834060.0, 5834336.0, 5836456.0, 5837608.0, 5838116.0, 5840108.0, 5839512.0, 5841512.0, 5843192.0, 5843800.0, 5844964.0, 5846016.0, 5847224.0, 5846684.0, 5847972.0, 5847996.0, 5849232.0, 5850004.0, 5850772.0, 5852432.0, 5854196.0, 5854956.0, 5855704.0, 5857540.0, 5859056.0, 5859676.0, 5859656.0, 5861044.0, 5861572.0, 5863076.0, 5865108.0, 5867032.0, 5867620.0, 5868140.0, 5869528.0, 5870460.0, 5873056.0, 5873520.0, 5875080.0, 5876632.0, 5877648.0, 5877312.0, 5877468.0, 5878336.0, 5879108.0, 5880516.0, 5875280.0, 6262504.0, 6265080.0, 6264916.0, 6264816.0, 6266472.0, 6267012.0, 6266372.0, 6266692.0, 6266864.0, 6267308.0, 6267824.0, 6268080.0, 6269004.0, 6269444.0, 6270080.0, 6271108.0, 6272648.0, 6273644.0, 6274540.0, 4957764.0, 6332648.0, 6336076.0, 6333964.0, 6332784.0, 6334448.0, 6334732.0, 6333772.0, 6333608.0, 6334436.0, 6334260.0, 6334588.0, 6335068.0, 6335388.0, 6335884.0, 6336428.0, 6337328.0, 6338968.0, 6339612.0, 4968420.0, 6371904.0, 6373908.0, 6374500.0, 6372212.0, 6371928.0, 6371376.0, 6371836.0, 6371536.0, 6371404.0, 6371324.0, 6371088.0, 6371312.0, 6372180.0, 6372376.0, 6373784.0, 6374196.0, 6374516.0, 6375444.0, 6376368.0, 5009220.0, 6403080.0, 6405936.0, 6408060.0, 6404224.0, 6405220.0, 6403720.0, 6404124.0, 6403720.0, 6403216.0, 6402692.0, 6403084.0, 6403164.0, 6403720.0, 6402160.0, 6402432.0, 6403748.0, 6404460.0, 6405036.0, 6381032.0, 5146184.0, 5426572.0, 5426768.0, 5730596.0, 5729684.0, 5730548.0, 5730852.0, 5984648.0, 5984624.0, 5985060.0, 5985732.0, 5985532.0, 5985276.0, 5986696.0, 6042576.0, 6179044.0, 6179984.0, 6180660.0, 6181228.0, 6181916.0, 6184944.0, 6196600.0, 6364248.0, 6364776.0, 6365732.0, 6366808.0, 6367460.0, 6368152.0, 6369504.0, 6371524.0, 6372360.0, 6410880.0, 6421600.0, 6403804.0, 5113180.0, 5588868.0, 5587872.0, 5588848.0, 5937348.0, 5936776.0, 5935424.0, 5934404.0, 5934052.0, 5934172.0, 6070188.0, 6070832.0, 6071616.0, 6073044.0, 6081900.0, 6224092.0, 6224768.0, 6225600.0, 6225408.0, 6226008.0, 6226432.0, 6300592.0, 6301720.0, 6302544.0, 6303212.0, 6460132.0, 6462996.0, 6464504.0, 6465672.0, 6466968.0, 6468380.0, 6469880.0, 6471980.0, 6474372.0, 5132788.0, 5170680.0, 5305164.0, 5309900.0, 5954552.0, 5413632.0, 5701920.0, 6449052.0, 5637444.0, 5642476.0, 6168492.0, 6928408.0, 7647732.0, 8335176.0, 6099948.0, 5747228.0, 5447512.0, 5302596.0, 5605368.0, 5418340.0, 5421476.0, 6030544.0, 6719428.0, 5648068.0, 5263840.0, 6277660.0, 7034228.0, 7752192.0, 8434680.0, 6127364.0, 5624328.0, 5477728.0, 5314556.0, 5669568.0, 5430660.0, 5434380.0, 6107716.0, 6818616.0, 5660720.0, 5356908.0, 6484548.0, 7230572.0, 7936676.0, 5607808.0, 6125964.0, 5202448.0, 5191428.0, 6091540.0, 7393276.0, 7395320.0, 7396884.0, 7392656.0, 7393432.0, 7394088.0, 7392496.0, 7395560.0, 7392632.0, 7387492.0, 7353544.0, 7353660.0, 7353388.0, 7354860.0, 7354260.0, 7354900.0, 7355004.0, 7356100.0, 7356528.0, 7356672.0, 7358436.0, 7359464.0, 0.0, 0.0, 0.0, ]
X3 data: [243.0, 136.0, 286.0, 130.0, 111.0, 134.0, 107.0, 133.0, 109.0, 107.0, 309.0, 110.0, 143.0, 111.0, 131.0, 111.0, 115.0, 111.0, 124.0, 112.0, 119.0, 112.0, 218.0, 109.0, 129.0, 123.0, 124.0, 113.0, 105.0, 120.0, 118.0, 126.0, 104.0, 121.0, 175.0, 119.0, 119.0, 136.0, 101.0, 108.0, 123.0, 109.0, 114.0, 106.0, 125.0, 124.0, 128.0, 117.0, 138.0, 115.0, 112.0, 133.0, 107.0, 128.0, 107.0, 128.0, 111.0, 188.0, 108.0, 118.0, 134.0, 108.0, 127.0, 108.0, 120.0, 111.0, 125.0, 114.0, 128.0, 173.0, 215.0, 3749.0, 37097.0, 37271.0, 28302.0, 22247.0, 20846.0, 17690.0, 19007.0, 19026.0, 14569.0, 14948.0, 13018.0, 12834.0, 13687.0, 11134.0, 11277.0, 11678.0, 12204.0, 9976.0, 4745.0, 11050.0, 41241.0, 32178.0, 21570.0, 25064.0, 30195.0, 21882.0, 15830.0, 15799.0, 13515.0, 12373.0, 13931.0, 13268.0, 11841.0, 11146.0, 11584.0, 11734.0, 11338.0, 5252.0, 2527.0, 25151.0, 36749.0, 28135.0, 29180.0, 17919.0, 26155.0, 17954.0, 17213.0, 17775.0, 14607.0, 12453.0, 14526.0, 11827.0, 11972.0, 11648.0, 11733.0, 11507.0, 10904.0, 2667.0, 4794.0, 30072.0, 38110.0, 25793.0, 25032.0, 22771.0, 22790.0, 19549.0, 19374.0, 15018.0, 13052.0, 11927.0, 13343.0, 12797.0, 11813.0, 12076.0, 11031.0, 11659.0, 11499.0, 5305.0, 43987.0, 36597.0, 21162.0, 23560.0, 23700.0, 19501.0, 18856.0, 15361.0, 15650.0, 15139.0, 13849.0, 13509.0, 12138.0, 12507.0, 12247.0, 11964.0, 10323.0, 12004.0, 10213.0, 12186.0, 10710.0, 10558.0, 9873.0, 9694.0, 10642.0, 10770.0, 10246.0, 10222.0, 10096.0, 10656.0, 9213.0, 9034.0, 8404.0, 5141.0, 41517.0, 35559.0, 32706.0, 21520.0, 20978.0, 18532.0, 18660.0, 16585.0, 17452.0, 14268.0, 12117.0, 11538.0, 13118.0, 13577.0, 10975.0, 10517.0, 10788.0, 11519.0, 10223.0, 11203.0, 10883.0, 10414.0, 9434.0, 9916.0, 9689.0, 8969.0, 9839.0, 9556.0, 9508.0, 9566.0, 9797.0, 9742.0, 9091.0, 4393.0, 1516.0, 208.0, 154.0, 149.0, 104.0, 151.0, 121.0, 54.0, 190.0, 352.0, 180.0, 111.0, 120.0, 121.0, 159.0, 165.0, 127.0, 147.0, 92.0, 82.0, 161.0, 206.0, 100.0, 159.0, 98.0, 123.0, 150.0, 103.0, 111.0, 136.0, 171.0, 91.0, 234.0, 102.0, 125.0, 150.0, 103.0, 128.0, 92.0, 153.0, 110.0, 114.0, 114.0, 110.0, 218.0, 287.0, 36013.0, 62877.0, 66610.0, 69532.0, 44995.0, 36969.0, 43175.0, 36967.0, 53000.0, 34958.0, 39539.0, 1886.0, 154.0, 103.0, 137.0, 124.0, 134.0, 123.0, 139.0, 114.0, 111.0, 165.0, 144.0, 153.0, 0.0, 0.0, 0.0, ]
X4 data: [2.7350677E8, 1.811253722E9, 1.818195572E9, 1.817019206E9, 1.875139602E9, 1.85297894E9, 1.799214352E9, 2.072431728E9, 2.05380754E9, 2.075709796E9, 1.8058012E9, 1.832831514E9, 6.14261176E8, 1.773719282E9, 1.80012901E9, 1.781481946E9, 1.794538576E9, 1.805529984E9, 1.83370393E9, 1.79311891E9, 1.795997978E9, 1.798495764E9, 1.79682446E9, 1.808465656E9, 9.96608268E8, 1.633944612E9, 2.100174626E9, 2.06112324E9, 2.08605925E9, 2.078189238E9, 2.076611866E9, 2.092579332E9, 2.104468892E9, 2.071769462E9, 2.079866464E9, 8.34722108E8, 1.508976476E9, 1.732061754E9, 1.702733616E9, 1.824854504E9, 1.805311554E9, 1.788809892E9, 1.74241472E9, 1.784946796E9, 1.79476976E9, 1.777213162E9, 1.836687888E9, 1.94766058E9, 6.92589954E8, 2.054831094E9, 2.061180128E9, 2.063960354E9, 2.068892548E9, 2.11681528E9, 2.166675712E9, 1.80582925E9, 1.785269032E9, 1.752701734E9, 1.846780996E9, 8.1016851E8, 2.039051556E9, 2.168532488E9, 2.110913794E9, 2.094112132E9, 2.123035886E9, 2.094046872E9, 2.079766408E9, 2.114751256E9, 2.16244248E9, 2.086775872E9, 1.42970544E8, 46948.0, 40470.0, 122986.0, 67392.0, 72200.0, 69074.0, 39386.0, 39080.0, 39186.0, 39184.0, 38972.0, 39452.0, 39082.0, 39074.0, 39184.0, 39184.0, 109648.0, 39180.0, 39082.0, 477256.0, 66824.0, 72362.0, 66924.0, 72412.0, 69956.0, 66720.0, 42052.0, 39038.0, 109870.0, 109390.0, 38976.0, 39080.0, 38966.0, 109404.0, 39182.0, 39080.0, 39076.0, 39078.0, 266778.0, 237250.0, 40258.0, 114356.0, 69386.0, 69172.0, 65092.0, 44202.0, 38970.0, 39080.0, 38974.0, 38972.0, 38976.0, 38940.0, 39072.0, 39184.0, 39556.0, 39174.0, 39080.0, 38968.0, 542422.0, 58760.0, 40470.0, 112532.0, 72252.0, 67236.0, 67442.0, 44098.0, 39080.0, 39080.0, 39080.0, 39080.0, 39044.0, 39044.0, 39072.0, 39080.0, 39074.0, 38972.0, 38976.0, 38976.0, 474716.0, 69486.0, 66928.0, 61662.0, 75262.0, 70698.0, 44194.0, 69038.0, 39390.0, 39068.0, 39080.0, 39148.0, 39148.0, 39074.0, 39184.0, 39178.0, 39180.0, 39146.0, 39184.0, 38976.0, 39044.0, 39142.0, 39184.0, 39520.0, 39182.0, 39080.0, 39044.0, 39044.0, 39044.0, 39080.0, 39252.0, 39286.0, 39080.0, 39078.0, 639582.0, 113172.0, 85866.0, 40756.0, 70010.0, 39080.0, 39080.0, 39044.0, 38934.0, 39556.0, 39148.0, 39082.0, 38978.0, 39080.0, 39076.0, 140724.0, 39080.0, 39044.0, 38968.0, 38976.0, 39080.0, 39042.0, 39080.0, 39080.0, 39080.0, 39178.0, 69488.0, 39700.0, 39182.0, 39078.0, 39072.0, 39182.0, 38966.0, 39042.0, 171392.0, 1042842.0, 52744.0, 75528.0, 77660.0, 64200.0, 96002.0, 64108.0, 46998.0, 81612.0, 86404.0, 63336.0, 62844.0, 75038.0, 58112.0, 81720.0, 88794.0, 53560.0, 88148.0, 71008.0, 56068.0, 85894.0, 70804.0, 56340.0, 85998.0, 71038.0, 71146.0, 70122.0, 69604.0, 58122.0, 86208.0, 70462.0, 41948.0, 99866.0, 68750.0, 63302.0, 81196.0, 70496.0, 65118.0, 76610.0, 70730.0, 71026.0, 71070.0, 71258.0, 57306.0, 84506.0, 70520.0, 70384.0, 69510.0, 70368.0, 70524.0, 70700.0, 70600.0, 39490.0, 39282.0, 39282.0, 39178.0, 39178.0, 228222.0, 71878.0, 70356.0, 70934.0, 69896.0, 70950.0, 69916.0, 70358.0, 70460.0, 69888.0, 70110.0, 70644.0, 70252.0, 0.0, 0.0, 0.0, ]
Y data: [122.0, 122.0, 146.0, 146.0, 146.0, 152.0, 152.0, 146.0, 146.0, 146.0, 146.0, 146.0, 146.0, 128.0, 152.0, 146.0, 146.0, 146.0, 146.0, 146.0, 146.0, 146.0, 146.0, 146.0, 146.0, 146.0, 133.0, 152.0, 146.0, 146.0, 146.0, 146.0, 152.0, 152.0, 146.0, 146.0, 146.0, 146.0, 146.0, 146.0, 146.0, 146.0, 146.0, 146.0, 146.0, 146.0, 146.0, 146.0, 146.0, 122.0, 152.0, 152.0, 146.0, 146.0, 146.0, 146.0, 146.0, 152.0, 146.0, 146.0, 146.0, 146.0, 146.0, 146.0, 146.0, 146.0, 146.0, 146.0, 146.0, 146.0, 146.0, 128.0, 128.0, 122.0, 122.0, 117.0, 117.0, 117.0, 122.0, 122.0, 122.0, 122.0, 122.0, 122.0, 122.0, 122.0, 128.0, 128.0, 122.0, 128.0, 128.0, 128.0, 133.0, 122.0, 122.0, 122.0, 122.0, 122.0, 122.0, 122.0, 122.0, 122.0, 122.0, 122.0, 122.0, 122.0, 122.0, 122.0, 122.0, 122.0, 122.0, 133.0, 122.0, 128.0, 122.0, 122.0, 122.0, 122.0, 122.0, 128.0, 122.0, 128.0, 128.0, 128.0, 128.0, 128.0, 128.0, 128.0, 128.0, 128.0, 128.0, 133.0, 122.0, 122.0, 122.0, 122.0, 122.0, 122.0, 122.0, 122.0, 122.0, 122.0, 122.0, 122.0, 122.0, 122.0, 122.0, 122.0, 122.0, 122.0, 133.0, 128.0, 122.0, 128.0, 122.0, 122.0, 122.0, 117.0, 117.0, 117.0, 117.0, 117.0, 117.0, 117.0, 117.0, 117.0, 117.0, 117.0, 117.0, 117.0, 117.0, 117.0, 133.0, 133.0, 133.0, 133.0, 133.0, 133.0, 133.0, 133.0, 122.0, 117.0, 117.0, 117.0, 128.0, 128.0, 128.0, 128.0, 128.0, 128.0, 128.0, 128.0, 128.0, 128.0, 128.0, 128.0, 128.0, 128.0, 128.0, 128.0, 128.0, 128.0, 128.0, 128.0, 128.0, 128.0, 128.0, 128.0, 128.0, 128.0, 128.0, 128.0, 128.0, 128.0, 128.0, 128.0, 128.0, 128.0, 128.0, 133.0, 199.0, 208.0, 218.0, 208.0, 139.0, 228.0, 208.0, 218.0, 146.0, 228.0, 228.0, 228.0, 218.0, 218.0, 128.0, 218.0, 182.0, 218.0, 218.0, 199.0, 228.0, 199.0, 218.0, 218.0, 228.0, 228.0, 228.0, 218.0, 218.0, 218.0, 218.0, 218.0, 174.0, 218.0, 218.0, 228.0, 218.0, 218.0, 199.0, 228.0, 228.0, 238.0, 218.0, 218.0, 218.0, 133.0, 139.0, 139.0, 139.0, 139.0, 139.0, 139.0, 139.0, 139.0, 122.0, 122.0, 122.0, 122.0, 139.0, 139.0, 139.0, 139.0, 139.0, 133.0, 139.0, 139.0, 139.0, 139.0, 0.0, 0.0, 0.0, ]
Testing... weights: [43.85376892893972, 101.72908095481034, 1.276364275923485E-5, -1.8724102429504088E-6, 7.552000787525546E-9, 
Power model: y = 43.85376892893972 + 101.72908095481034x1 + 1.276364275923485E-5x2 + -1.8724102429504088E-6x3 + 7.552000787525546E-9x4...So Power Model: y = 43.85376892893972 + 101.72908095481034*CPU + 1.276364275923485E-5*MEMORY + -1.8724102429504088E-6*HDD + 7.552000787525546E-9*NET
Using power model....
Predicted: 125.41148552772974, actual: 122.0, error: 2.796299612893228
Predicted: 145.24894942139633, actual: 122.0, error: 19.056515919177322
Predicted: 145.74672270622446, actual: 146.0, error: -0.17347759847639702
Predicted: 145.20010758823807, actual: 146.0, error: -0.5478715149054322
Predicted: 146.88169261447888, actual: 146.0, error: 0.6038990510129312
Predicted: 146.22350358575653, actual: 152.0, error: -3.8003265883180712
Predicted: 146.11754171768138, actual: 152.0, error: -3.8700383436306733
Predicted: 147.82202396117904, actual: 146.0, error: 1.2479616172459191
Predicted: 146.54790921832708, actual: 146.0, error: 0.37528028652539586
Predicted: 148.30394391454746, actual: 146.0, error: 1.5780437770873017
Predicted: 145.8736330805636, actual: 146.0, error: -0.08655268454548423
Predicted: 145.55326915948962, actual: 146.0, error: -0.3059800277468381
Predicted: 136.3305888991995, actual: 146.0, error: -6.622884315616773
Predicted: 145.46928933282553, actual: 128.0, error: 13.64788229126994
Predicted: 145.4353810124452, actual: 152.0, error: -4.318828281286058
Predicted: 145.57698375781996, actual: 146.0, error: -0.28973715217810964
Predicted: 145.4294407544747, actual: 146.0, error: -0.39079400378444407
Predicted: 145.68021847627264, actual: 146.0, error: -0.21902844090914889
Predicted: 146.13835926955247, actual: 146.0, error: 0.09476662298114172
Predicted: 145.56011064078243, actual: 146.0, error: -0.3012940816558725
Predicted: 145.22441181857837, actual: 146.0, error: -0.5312247817956337
Predicted: 146.0368031376226, actual: 146.0, error: 0.025207628508629155
Predicted: 145.13176407623908, actual: 146.0, error: -0.5946821395622743
Predicted: 145.2647560000174, actual: 146.0, error: -0.5035917808100002
Predicted: 139.6523715345689, actual: 146.0, error: -4.3476907297473195
Predicted: 134.20858603159556, actual: 146.0, error: -8.076310937263315
Predicted: 147.45044818022907, actual: 133.0, error: 10.864998631751185
Predicted: 147.0725866383869, actual: 152.0, error: -3.2417193168507277
Predicted: 147.92544076924312, actual: 146.0, error: 1.3187950474267973
Predicted: 147.017923003187, actual: 146.0, error: 0.6972075364294573
Predicted: 146.96707059121132, actual: 146.0, error: 0.6623771172680307
Predicted: 146.74771864334906, actual: 146.0, error: 0.5121360570883974
Predicted: 147.08489674294387, actual: 152.0, error: -3.2336205638527185
Predicted: 147.20629526394185, actual: 152.0, error: -3.1537531158277274
Predicted: 147.6537472359831, actual: 146.0, error: 1.1327035862897974
Predicted: 137.42902833092182, actual: 146.0, error: -5.8705285404645045
Predicted: 133.77845439580182, actual: 146.0, error: -8.370921646711086
Predicted: 144.99466971176736, actual: 146.0, error: -0.6885823892004398
Predicted: 144.52941234818908, actual: 146.0, error: -1.0072518163088469
Predicted: 145.561809137769, actual: 146.0, error: -0.30013072755548675
Predicted: 145.2879702975958, actual: 146.0, error: -0.48769157698918414
Predicted: 144.9100621851394, actual: 146.0, error: -0.7465327499045238
Predicted: 145.23506571670092, actual: 146.0, error: -0.5239275913007425
Predicted: 145.1860266121121, actual: 146.0, error: -0.5575160191013003
Predicted: 145.04410137970808, actual: 146.0, error: -0.654725082391725
Predicted: 145.06087511661534, actual: 146.0, error: -0.6432362214963456
Predicted: 145.64656541365335, actual: 146.0, error: -0.24207848379907618
Predicted: 145.92387211462855, actual: 146.0, error: -0.052142387240718256
Predicted: 136.1055367485268, actual: 146.0, error: -6.777029624296721
Predicted: 146.82316509746497, actual: 122.0, error: 20.346856637266363
Predicted: 146.61021766795596, actual: 152.0, error: -3.545909428976339
Predicted: 146.89973375844562, actual: 152.0, error: -3.355438316812092
Predicted: 146.81246060287077, actual: 146.0, error: 0.5564798649799806
Predicted: 147.59284347795582, actual: 146.0, error: 1.0909886835313864
Predicted: 147.81403724140128, actual: 146.0, error: 1.2424912612337535
Predicted: 144.60933476112749, actual: 146.0, error: -0.9525104375839144
Predicted: 145.72559198035418, actual: 146.0, error: -0.18795069838754694
Predicted: 145.3940703296761, actual: 152.0, error: -4.34600636205519
Predicted: 145.3995606605971, actual: 146.0, error: -0.4112598215088333
Predicted: 138.1740140712055, actual: 146.0, error: -5.36026433479075
Predicted: 137.47063765409834, actual: 146.0, error: -5.842029004042233
Predicted: 148.96641113063373, actual: 146.0, error: 2.0317884456395414
Predicted: 147.79512167523586, actual: 146.0, error: 1.2295353939971656
Predicted: 147.2928783942308, actual: 146.0, error: 0.8855331467334228
Predicted: 147.43588588579473, actual: 146.0, error: 0.9834834834210496
Predicted: 146.61136267004446, actual: 146.0, error: 0.4187415548249705
Predicted: 146.99109839123568, actual: 146.0, error: 0.6788345145449871
Predicted: 146.51173064020622, actual: 146.0, error: 0.3505004384974137
Predicted: 147.86614806064057, actual: 146.0, error: 1.278183603178472
Predicted: 147.1779543435291, actual: 146.0, error: 0.8068180435130882
Predicted: 133.02234237407254, actual: 146.0, error: -8.888806593101002
Predicted: 122.50641136675108, actual: 128.0, error: -4.291866119725718
Predicted: 126.49715123090917, actual: 128.0, error: -1.1741006008522126
Predicted: 125.77461341765444, actual: 122.0, error: 3.0939454243069147
Predicted: 127.81839554416952, actual: 122.0, error: 4.7691766755487865
Predicted: 127.82849293393444, actual: 117.0, error: 9.255122165755933
Predicted: 127.97371563328834, actual: 117.0, error: 9.379244131015671
Predicted: 127.48017829268474, actual: 117.0, error: 8.957417344174992
Predicted: 125.1885709111407, actual: 122.0, error: 2.613582714049755
Predicted: 125.44504998281856, actual: 122.0, error: 2.8238114613266885
Predicted: 125.96578704855762, actual: 122.0, error: 3.2506451217685375
Predicted: 125.84673527373452, actual: 122.0, error: 3.1530616997823966
Predicted: 125.4768798571706, actual: 122.0, error: 2.8499015222709847
Predicted: 125.85300331970082, actual: 122.0, error: 3.1581994423777195
Predicted: 125.36399918086533, actual: 122.0, error: 2.7573763777584714
Predicted: 125.99715273803072, actual: 122.0, error: 3.2763547033038694
Predicted: 126.26009094018782, actual: 128.0, error: -1.3593039529782636
Predicted: 126.0312652905492, actual: 128.0, error: -1.5380739917584374
Predicted: 125.5399737576347, actual: 122.0, error: 2.9016178341268013
Predicted: 125.55480892578608, actual: 128.0, error: -1.9103055267296276
Predicted: 125.5752672468576, actual: 128.0, error: -1.8943224633924949
Predicted: 111.78845860929815, actual: 128.0, error: -12.665266711485824
Predicted: 128.27408464997612, actual: 133.0, error: -3.553319812048032
Predicted: 128.34391745877346, actual: 122.0, error: 5.199932343256935
Predicted: 128.3322836932517, actual: 122.0, error: 5.19039646987844
Predicted: 128.05728929038838, actual: 122.0, error: 4.9649912216298215
Predicted: 127.95043426669415, actual: 122.0, error: 4.877405136634545
Predicted: 127.95303040578057, actual: 122.0, error: 4.879533119492268
Predicted: 125.93328939276817, actual: 122.0, error: 3.2240076989903064
Predicted: 126.18516167869761, actual: 122.0, error: 3.430460392375091
Predicted: 126.19622595274588, actual: 122.0, error: 3.4395294694638334
Predicted: 125.94757013381766, actual: 122.0, error: 3.2357132244407074
Predicted: 125.94568484952428, actual: 122.0, error: 3.2341679094461337
Predicted: 126.08131392273484, actual: 122.0, error: 3.345339280930194
Predicted: 125.95876840285459, actual: 122.0, error: 3.244892133487367
Predicted: 126.85047088213757, actual: 122.0, error: 3.9757958050307964
Predicted: 126.22662191435197, actual: 122.0, error: 3.4644441920917757
Predicted: 126.87047183936703, actual: 122.0, error: 3.9921900322680552
Predicted: 126.26328856001776, actual: 122.0, error: 3.4944988196866853
Predicted: 126.28462342527261, actual: 122.0, error: 3.51198641415788
Predicted: 122.17780745637666, actual: 122.0, error: 0.14574381670217637
Predicted: 131.45426277632708, actual: 133.0, error: -1.1622084388518164
Predicted: 126.53365708792818, actual: 122.0, error: 3.716112367154243
Predicted: 129.08584337593584, actual: 128.0, error: 0.8483151374498732
Predicted: 129.05956654638015, actual: 122.0, error: 5.786529956049306
Predicted: 129.1936103965625, actual: 122.0, error: 5.896401964395484
Predicted: 128.6699008156835, actual: 122.0, error: 5.4671318161340094
Predicted: 126.66851973316824, actual: 122.0, error: 3.82665551899036
Predicted: 126.40486687436646, actual: 122.0, error: 3.610546618333166
Predicted: 126.6576825869746, actual: 128.0, error: -1.0486854789260924
Predicted: 126.41487916495805, actual: 122.0, error: 3.618753413900042
Predicted: 126.41432444716737, actual: 128.0, error: -1.2388090256504891
Predicted: 126.2896128136157, actual: 128.0, error: -1.3362399893627308
Predicted: 126.43101089883541, actual: 128.0, error: -1.2257727352848358
Predicted: 127.1908384651157, actual: 128.0, error: -0.6321574491283566
Predicted: 126.69953670956461, actual: 128.0, error: -1.0159869456526471
Predicted: 126.58360545715728, actual: 128.0, error: -1.1065582365958782
Predicted: 127.09960219268277, actual: 128.0, error: -0.7034357869665886
Predicted: 126.60108515570003, actual: 128.0, error: -1.0929022221093487
Predicted: 126.63210388978524, actual: 128.0, error: -1.0686688361052799
Predicted: 116.13202563746133, actual: 128.0, error: -9.27185497073334
Predicted: 128.43817750239037, actual: 133.0, error: -3.429941727526034
Predicted: 127.06091674652004, actual: 122.0, error: 4.148292415180357
Predicted: 130.0357565391678, actual: 122.0, error: 6.586685687842464
Predicted: 129.47590841540298, actual: 122.0, error: 6.1277937831172
Predicted: 129.619542356515, actual: 122.0, error: 6.245526521733616
Predicted: 129.60523983674608, actual: 122.0, error: 6.233803144873836
Predicted: 126.6961696040303, actual: 122.0, error: 3.849319347565822
Predicted: 126.94786904176334, actual: 122.0, error: 4.055630362101099
Predicted: 127.07265023018145, actual: 122.0, error: 4.157910024738895
Predicted: 126.94311453225802, actual: 122.0, error: 4.051733223162313
Predicted: 126.82843426512413, actual: 122.0, error: 3.957733004200107
Predicted: 126.82522045010037, actual: 122.0, error: 3.955098729590471
Predicted: 126.95844623117834, actual: 122.0, error: 4.064300189490445
Predicted: 126.93864419060112, actual: 122.0, error: 4.048069008689446
Predicted: 127.07004295984592, actual: 122.0, error: 4.155772917906493
Predicted: 127.34216836742152, actual: 122.0, error: 4.378826530673378
Predicted: 127.08917243905645, actual: 122.0, error: 4.171452818898733
Predicted: 126.97593957858489, actual: 122.0, error: 4.07863899884007
Predicted: 131.50026133641612, actual: 122.0, error: 7.787099456078785
Predicted: 115.15686862155428, actual: 133.0, error: -13.415888254470465
Predicted: 116.97585079407558, actual: 128.0, error: -8.61261656712845
Predicted: 117.62366940709235, actual: 122.0, error: -3.5871562236947945
Predicted: 120.12066040510719, actual: 128.0, error: -6.15573405851001
Predicted: 120.61089893883913, actual: 122.0, error: -1.1386074271810427
Predicted: 120.38078579317505, actual: 122.0, error: -1.3272247596925815
Predicted: 118.74135113876405, actual: 122.0, error: -2.6710236567507826
Predicted: 126.15806268007425, actual: 117.0, error: 7.8274040000634635
Predicted: 121.22765434409554, actual: 117.0, error: 3.61337978127824
Predicted: 121.60870115925621, actual: 117.0, error: 3.9390608198771058
Predicted: 121.49316554228464, actual: 117.0, error: 3.840312429303114
Predicted: 121.4912494332154, actual: 117.0, error: 3.838674729243933
Predicted: 121.74549671153949, actual: 117.0, error: 4.055980095332896
Predicted: 122.13591677335108, actual: 117.0, error: 4.389672455855628
Predicted: 123.36645537375607, actual: 117.0, error: 5.441414849364161
Predicted: 124.21900884160526, actual: 117.0, error: 6.170093027013042
Predicted: 124.10565948661942, actual: 117.0, error: 6.073213236426851
Predicted: 124.11114047448228, actual: 117.0, error: 6.077897841437849
Predicted: 124.62785697011945, actual: 117.0, error: 6.519535871896968
Predicted: 123.87661215496423, actual: 117.0, error: 5.877446286294218
Predicted: 124.04328949404875, actual: 117.0, error: 6.0199055504690175
Predicted: 124.95499251054072, actual: 117.0, error: 6.799138897898051
Predicted: 126.97160795004827, actual: 133.0, error: -4.532625601467469
Predicted: 127.2246288232302, actual: 133.0, error: -4.342384343435937
Predicted: 127.10852634283839, actual: 133.0, error: -4.429679441474896
Predicted: 126.36284783613277, actual: 133.0, error: -4.990339972832502
Predicted: 126.3721508741791, actual: 133.0, error: -4.983345207384136
Predicted: 126.38418358218229, actual: 133.0, error: -4.974298058509557
Predicted: 126.39852089338746, actual: 133.0, error: -4.963518125272589
Predicted: 126.54978490862443, actual: 133.0, error: -4.84978578298915
Predicted: 126.69347256161655, actual: 122.0, error: 3.8471086570627424
Predicted: 127.43473270649253, actual: 117.0, error: 8.918574962814125
Predicted: 127.44620985256533, actual: 117.0, error: 8.928384489372078
Predicted: 128.24194240856755, actual: 117.0, error: 9.608497785100473
Predicted: 122.81418630744945, actual: 128.0, error: -4.051416947305119
Predicted: 116.89355284090296, actual: 128.0, error: -8.676911843044566
Predicted: 116.50798871538453, actual: 128.0, error: -8.978133816105839
Predicted: 116.79089256252406, actual: 128.0, error: -8.757115185528075
Predicted: 121.11531794017424, actual: 128.0, error: -5.378657859238878
Predicted: 120.98606834431497, actual: 128.0, error: -5.479634106003928
Predicted: 120.71835434004205, actual: 128.0, error: -5.688785671842145
Predicted: 120.83448445615656, actual: 128.0, error: -5.598059018627688
Predicted: 120.82679727159838, actual: 128.0, error: -5.604064631563766
Predicted: 120.83744291109467, actual: 128.0, error: -5.595747725707289
Predicted: 122.8274316865778, actual: 128.0, error: -4.041068994861097
Predicted: 122.83673481263733, actual: 128.0, error: -4.033800927627085
Predicted: 122.58915467018204, actual: 128.0, error: -4.227222913920281
Predicted: 122.60966917069179, actual: 128.0, error: -4.21119596039704
Predicted: 122.97982536353545, actual: 128.0, error: -3.9220114347379265
Predicted: 125.17438932604549, actual: 128.0, error: -2.2075083390269645
Predicted: 124.42760262018903, actual: 128.0, error: -2.7909354529773167
Predicted: 124.68737833778583, actual: 128.0, error: -2.58798567360482
Predicted: 124.55752065965557, actual: 128.0, error: -2.689436984644089
Predicted: 124.5633446686811, actual: 128.0, error: -2.684886977592893
Predicted: 124.69745583035622, actual: 128.0, error: -2.580112632534204
Predicted: 125.6483568870658, actual: 128.0, error: -1.8372211819798423
Predicted: 125.66458923813632, actual: 128.0, error: -1.8245396577060036
Predicted: 125.67073311572805, actual: 128.0, error: -1.819739753337457
Predicted: 125.55473199862801, actual: 128.0, error: -1.9103656260718638
Predicted: 127.80877543003972, actual: 128.0, error: -0.14939419528147146
Predicted: 128.35147751983817, actual: 128.0, error: 0.2745918123735702
Predicted: 127.8632501004346, actual: 128.0, error: -0.1068358590354701
Predicted: 127.75707542233641, actual: 128.0, error: -0.18978482629967708
Predicted: 127.89845714356171, actual: 128.0, error: -0.07933035659241083
Predicted: 127.66425478518423, actual: 128.0, error: -0.26230094907482293
Predicted: 127.80860824890945, actual: 128.0, error: -0.14952480553949155
Predicted: 127.70679764891268, actual: 128.0, error: -0.22906433678696603
Predicted: 127.99986743129122, actual: 128.0, error: -1.0356930373323081E-4
Predicted: 124.73919264097992, actual: 128.0, error: -2.5475057492344355
Predicted: 115.29122456183438, actual: 133.0, error: -13.314868750500464
Predicted: 202.4013301171423, actual: 199.0, error: 1.709211114141856
Predicted: 213.2302953626109, actual: 208.0, error: 2.514565078178312
Predicted: 208.0294828020249, actual: 218.0, error: -4.573631742190419
Predicted: 214.5545855058087, actual: 208.0, error: 3.1512430316387925
Predicted: 168.31725184949502, actual: 139.0, error: 21.091548093161887
Predicted: 212.5674599703287, actual: 228.0, error: -6.7686579077505655
Predicted: 216.52394152966556, actual: 208.0, error: 4.098048812339213
Predicted: 217.4747049823247, actual: 218.0, error: -0.24096101728224328
Predicted: 180.91607268888006, actual: 146.0, error: 23.91511828005484
Predicted: 216.55387958995274, actual: 228.0, error: -5.020228250020726
Predicted: 230.16365415943528, actual: 228.0, error: 0.9489711225593342
Predicted: 241.35506253587002, actual: 228.0, error: 5.857483568364043
Predicted: 223.44072644193494, actual: 218.0, error: 2.495746074282083
Predicted: 213.37151341945935, actual: 218.0, error: -2.123158981899382
Predicted: 186.35532864038043, actual: 128.0, error: 45.59010050029721
Predicted: 212.504509127826, actual: 218.0, error: -2.5208673725568818
Predicted: 189.0387554610639, actual: 182.0, error: 3.8674480555296076
Predicted: 214.74087587976285, actual: 218.0, error: -1.4950110643289662
Predicted: 214.78097998902211, actual: 218.0, error: -1.4766146839348098
Predicted: 196.26943007857759, actual: 199.0, error: -1.3721456891569923
Predicted: 215.9109643269112, actual: 228.0, error: -5.30220862854772
Predicted: 217.67312385935116, actual: 199.0, error: 9.383479326307118
Predicted: 129.4094054731246, actual: 218.0, error: -40.63788739764927
Predicted: 200.15016752951865, actual: 218.0, error: -8.18799654609236
Predicted: 216.30704602617277, actual: 228.0, error: -5.128488585011943
Predicted: 231.1173489525011, actual: 228.0, error: 1.3672583125004778
Predicted: 243.6121661904898, actual: 228.0, error: 6.847441311618334
Predicted: 223.79073143063718, actual: 218.0, error: 2.656298821393202
Predicted: 195.55276580161018, actual: 218.0, error: -10.296896421279735
Predicted: 192.9766496473728, actual: 218.0, error: -11.478601079186792
Predicted: 213.416260135812, actual: 218.0, error: -2.1026329652238553
Predicted: 194.122492254528, actual: 218.0, error: -10.952985204344955
Predicted: 214.89809807608992, actual: 174.0, error: 23.50465406671835
Predicted: 214.94566715240026, actual: 218.0, error: -1.4010701135778616
Predicted: 201.01778454757323, actual: 218.0, error: -7.790007088269162
Predicted: 219.8181666799452, actual: 228.0, error: -3.58852338598895
Predicted: 217.83466402084395, actual: 218.0, error: -0.07584219227341958
Predicted: 118.68064069969259, actual: 218.0, error: -45.559339128581385
Predicted: 205.28095808379473, actual: 199.0, error: 3.156260343615442
Predicted: 221.42287910742385, actual: 228.0, error: -2.8847021458667315
Predicted: 234.8188249243699, actual: 228.0, error: 2.9907126861271456
Predicted: 175.83564464035348, actual: 238.0, error: -26.11947704186829
Predicted: 223.13926455136746, actual: 218.0, error: 2.357460803379569
Predicted: 114.5579279200694, actual: 218.0, error: -47.45049177978468
Predicted: 110.04840176117284, actual: 218.0, error: -49.519081760929886
Predicted: 128.0499692564715, actual: 133.0, error: -3.721827626713148
Predicted: 139.11073356984167, actual: 139.0, error: 0.07966443873501473
Predicted: 144.8297043830279, actual: 139.0, error: 4.194031930235891
Predicted: 145.01378887739676, actual: 139.0, error: 4.326466818271053
Predicted: 144.74643628503395, actual: 139.0, error: 4.134126823765433
Predicted: 145.35248699425517, actual: 139.0, error: 4.570134528241132
Predicted: 145.64415615445876, actual: 139.0, error: 4.779968456445148
Predicted: 145.06043998933347, actual: 139.0, error: 4.360028769304658
Predicted: 145.39503126478888, actual: 139.0, error: 4.600741917114305
Predicted: 144.09120052077728, actual: 122.0, error: 18.10754141047318
Predicted: 145.3643876968327, actual: 122.0, error: 19.15113745642024
Predicted: 149.3526731350716, actual: 122.0, error: 22.420223881206226
Predicted: 145.44145954891837, actual: 122.0, error: 19.2143111056708
Predicted: 145.04873064840845, actual: 139.0, error: 4.351604783027662
Predicted: 144.94100652525114, actual: 139.0, error: 4.274105413849741
Predicted: 145.30349298713813, actual: 139.0, error: 4.5348870411065665
Predicted: 141.2765985323282, actual: 139.0, error: 1.6378406707397077
Predicted: 145.3413379918527, actual: 139.0, error: 4.562113663203379
Predicted: 144.57727030273776, actual: 133.0, error: 8.70471451333666
Predicted: 145.47804716273353, actual: 139.0, error: 4.660465584700383
Predicted: 144.4662954724634, actual: 139.0, error: 3.9325866708369785
Predicted: 145.3473656144248, actual: 139.0, error: 4.566450082320002
Predicted: 145.4866815677435, actual: 139.0, error: 4.6666773868658185
Regression Analysis took: 36224ms
Number of measurements: 291
Database Update took: 1ms
Number of bigErrors: 78
AvgError: 4.927603369432574
...So Power Model: y = 43.85376892893972 + 101.72908095481034*CPU + 1.276364275923485E-5*MEMORY + -1.8724102429504088E-6*HDD + 7.552000787525546E-9*NET
Coefficient of Determination: 
0.795237821038634

