Analysis of start_t: '2011-05-01 13:37:01' to: '2011-05-01 13:47:57'
Rs1 has 436 results!
Rs2 has 436 results!
Rs3 has 436 results!
Rs4 has 436 results!
Data: [128.0, 0.453608247422681, 2766464.0, 8.8273369E7, 1.503221492894E12]
Data: [117.0, 0.0248138957816378, 6409472.0, -8.8273307E7, -1.503221492858E12]
Data: [146.0, 6.02243313201035, 2857136.0, 8.8273433E7, 1.503221528194E12]
Data: [117.0, 0.0248756218905472, 6409528.0, -8.8273433E7, -1.503221528194E12]
Data: [199.0, 7.084548104956269, 2842384.0, 8.8273539E7, 1.503221563646E12]
Data: [117.0, 0.024906600249065998, 6409308.0, -8.8273536E7, 35128.0]
Data: [190.0, 7.228195937873361, 3382556.0, 8.8273662E7, -1.503221598774E12]
Data: [117.0, 0.012484394506866399, 6409560.0, -8.8273554E7, 0.0]
Data: [117.0, 8.96017699115044, 2984452.0, 8.8273671E7, 1.503221634006E12]
Data: [218.0, 0.024906600249065998, 6410172.0, -8.8273668E7, -1.503221634006E12]
Data: [218.0, 6.02870813397129, 2951204.0, 8.8273774E7, 1.503221669086E12]
Data: [117.0, 0.07453416149068319, 6410308.0, -8.8273774E7, 34972.0]
Data: [190.0, 5.580568720379145, 3518872.0, 8.82739E7, -1.503221704058E12]
Data: [117.0, 0.062189054726368195, 6410420.0, -8.8273897E7, 0.0]
Data: [208.0, 6.931949250288355, 4083908.0, 8.8274002E7, 1.503221739188E12]
Data: [117.0, 0.024844720496894398, 6409808.0, -8.8274002E7, -1.503221739188E12]
Data: [218.0, 6.305418719211825, 3047648.0, 8.8274128E7, 1.503221774686E12]
Data: [117.0, 0.037220843672456594, 6410544.0, -8.8274125E7, -1.503221774686E12]
Data: [117.0, 10.0, 3199540.0, 8.8274212E7, 1.503221809826E12]
Data: [199.0, 0.12453300124532998, 6410792.0, -8.8274182E7, 35564.0]
Data: [218.0, 0.9788867562380041, 2959756.0, 8.8274288E7, -1.50322184539E12]
Data: [117.0, 0.0498753117206982, 6411204.0, -8.8274288E7, 0.0]
Data: [152.0, 6.381660470879802, 4010532.0, 8.8274447E7, 1.503221880518E12]
Data: [117.0, 0.0248756218905472, 6411504.0, -8.8274444E7, -1.503221880518E12]
Data: [218.0, 6.050724637681163, 4591760.0, 8.827455E7, 1.503221915554E12]
Data: [117.0, 0.062189054726368195, 6411280.0, -8.8274546E7, 35128.0]
Data: [208.0, 6.639534883720931, 5136396.0, 8.8274675E7, -1.503221950682E12]
Data: [117.0, 0.0248756218905472, 6411644.0, -8.8274667E7, 0.0]
Data: [218.0, 6.970443349753694, 5298356.0, 8.8274775E7, 1.503221985462E12]
Data: [117.0, 0.0869565217391304, 6411424.0, -8.8274775E7, -1.503221985462E12]
Data: [208.0, 2.7508090614886758, 4196728.0, 8.8274881E7, 1.503222020286E12]
Data: [117.0, 0.04975124378109459, 6410568.0, -8.8274859E7, -1.503222020286E12]
Data: [182.0, 7.751710654936463, 3379764.0, 8.8274995E7, 1.503222055382E12]
Data: [117.0, 0.062189054726368195, 6410548.0, -8.8274995E7, 35486.0]
Data: [117.0, 10.0, 3654664.0, 8.8275082E7, -1.503222090868E12]
Data: [218.0, 0.1118012422360248, 6410948.0, -8.827507E7, 0.0]
Data: [218.0, 0.0, 2738624.0, 8.8275195E7, 1.503222125792E12]
Data: [117.0, 0.024906600249065998, 6411224.0, -8.8275195E7, -1.503222125792E12]
Data: [139.0, 2.84109149277689, 2811084.0, 8.8275301E7, 1.50322216106E12]
Data: [117.0, 0.0373134328358209, 6409740.0, -8.8275278E7, 34894.0]
Data: [182.0, 10.0, 2861672.0, 8.8275381E7, -1.503222195954E12]
Data: [117.0, 0.06203473945409431, 6410464.0, -8.8275381E7, 36.0]
Data: [218.0, 8.307030129124819, 3282224.0, 8.8275508E7, 1.50322223123E12]
Data: [117.0, 0.06203473945409431, 6410844.0, -8.8275498E7, -1.50322223123E12]
Data: [218.0, 9.430232558139531, 2976648.0, 8.8275612E7, 1.503222266006E12]
Data: [117.0, 0.049689440993788796, 6411232.0, -8.8275608E7, 35172.0]
Data: [218.0, 9.03141361256545, 2976624.0, 8.8275728E7, -1.503222301178E12]
Data: [117.0, 0.062189054726368195, 6410884.0, -8.827572E7, 0.0]
Data: [208.0, 5.747836835599505, 3551120.0, 8.8275825E7, 1.503222336446E12]
Data: [117.0, 0.0373134328358209, 6411484.0, -8.8275825E7, -1.503222336446E12]
Data: [218.0, 7.1907514450867005, 4105212.0, 8.8275934E7, 1.503222371676E12]
Data: [117.0, 0.0248756218905472, 6411740.0, -8.8275931E7, -1.503222371676E12]
Data: [218.0, 1.974842767295596, 2954484.0, 8.8276058E7, 1.503222406468E12]
Data: [117.0, 0.0249376558603492, 6411684.0, -8.8276058E7, -1.503222406468E12]
Data: [117.0, 10.0, 3198268.0, 8.8276147E7, 1.503222441606E12]
Data: [182.0, 0.09950248756218909, 6409872.0, -8.8276142E7, -1.503222441606E12]
Data: [218.0, 0.6439393939393944, 2939048.0, 8.8276267E7, 1.503222476742E12]
Data: [117.0, 0.049689440993788796, 6411084.0, -8.8276239E7, -1.503222476742E12]
Data: [152.0, 5.877080665813057, 3967448.0, 8.8276348E7, 1.50322251201E12]
Data: [117.0, 0.06203473945409431, 6411072.0, -8.8276345E7, -1.50322251201E12]
Data: [218.0, 6.264744429882044, 4545252.0, 8.8276451E7, 1.503222546154E12]
Data: [117.0, 0.049813200498131996, 6411712.0, -8.8276451E7, -1.503222546154E12]
Data: [208.0, 7.490196078431369, 5076380.0, 8.8276578E7, 1.503222581386E12]
Data: [117.0, 0.037359900373599, 6411740.0, -8.8276575E7, -1.503222581386E12]
Data: [218.0, 8.44240837696335, 5583168.0, 8.8276685E7, 1.503222616086E12]
Data: [117.0, 0.06226650062266499, 6411612.0, -8.8276681E7, -1.503222616086E12]
Data: [218.0, 4.497206703910618, 4540604.0, 8.8276808E7, 1.503222651294E12]
Data: [117.0, 0.0746268656716418, 6411248.0, -8.82768E7, -1.503222651294E12]
Data: [199.0, 7.8326612903225845, 3443252.0, 8.8276923E7, 1.503222686306E12]
Data: [117.0, 0.0373134328358209, 6411416.0, -8.8276923E7, -1.503222686306E12]
Data: [218.0, 10.0, 3675304.0, 8.827703E7, 1.503222721592E12]
Data: [117.0, 0.086848635235732, 6411452.0, -8.8277019E7, -1.503222721592E12]
Data: [218.0, 0.0, 2738632.0, 8.8277141E7, 1.503222756918E12]
Data: [117.0, 0.0371747211895911, 6411952.0, -8.8277141E7, -1.503222756918E12]
Data: [133.0, 3.689839572192513, 2882312.0, 8.827725E7, 1.503222792526E12]
Data: [117.0, 0.0373134328358209, 6412456.0, -8.8277229E7, -1.503222792526E12]
Data: [117.0, 10.0, 2859904.0, 8.8277353E7, 1.503222827884E12]
Data: [182.0, 0.06226650062266499, 6413988.0, -8.8277353E7, -1.503222827884E12]
Data: [218.0, 6.782246879334261, 3224192.0, 8.8277472E7, 1.503222863432E12]
Data: [117.0, 0.074719800747198, 6411892.0, -8.8277467E7, -1.503222863432E12]
Data: [208.0, 3.6222222222222245, 2910440.0, 8.8277575E7, 1.503222898632E12]
Data: [117.0, 0.062189054726368195, 6412520.0, -8.8277554E7, -1.503222898596E12]
Data: [199.0, 10.0, 2972916.0, 8.8277652E7, 1.503222933164E12]
Data: [117.0, 0.0745341614906832, 6412308.0, -8.8277649E7, -1.503222933164E12]
Data: [218.0, 6.306306306306304, 3361104.0, 8.8277756E7, 1.50322296782E12]
Data: [117.0, 0.0746268656716418, 6411572.0, -8.8277752E7, -1.50322296782E12]
Data: [208.0, 7.2215422276621775, 3955172.0, 8.8277877E7, 1.503223003116E12]
Data: [117.0, 0.0373134328358209, 6412424.0, -8.8277869E7, -1.503223003116E12]
Data: [218.0, 3.0025445292620914, 3479468.0, 8.8277975E7, 1.503223038352E12]
Data: [117.0, 0.0619578686493185, 6412180.0, -8.8277975E7, -1.503223038352E12]
Data: [117.0, 10.0, 3199428.0, 8.8278051E7, 1.503223073484E12]
Data: [182.0, 0.1119402985074627, 6412316.0, -8.8278048E7, -1.503223073484E12]
Data: [218.0, 0.6335403726708076, 2820008.0, 8.8278204E7, 1.503223108242E12]
Data: [117.0, 0.04975124378109459, 6411348.0, -8.8278204E7, -1.503223108242E12]
Data: [152.0, 5.269841269841265, 3784184.0, 8.8278311E7, 1.503223143372E12]
Data: [117.0, 0.062189054726368195, 6412016.0, -8.8278308E7, -1.503223143372E12]
Data: [208.0, 5.670731707317076, 4350572.0, 8.8278432E7, 1.503223178668E12]
Data: [117.0, 0.0373134328358209, 6411652.0, -8.8278432E7, -1.503223178668E12]
Data: [208.0, 5.865853658536584, 4887172.0, 8.8278539E7, 1.503223212646E12]
Data: [117.0, 0.037267080745341595, 6411664.0, -8.8278536E7, -1.503223212646E12]
Data: [208.0, 6.6990291262135955, 5384272.0, 8.8278643E7, 1.503223248052E12]
Data: [117.0, 0.0746268656716418, 6411216.0, -8.8278643E7, -1.503223248052E12]
Data: [208.0, 5.185643564356431, 4727620.0, 8.8278775E7, 1.50322328325E12]
Data: [117.0, 0.06226650062266499, 6411872.0, -8.8278772E7, -1.50322328325E12]
Data: [208.0, 3.676939426142398, 3214340.0, 8.8278883E7, 1.503223318646E12]
Data: [117.0, 0.024906600249065998, 6411764.0, -8.8278882E7, -1.503223318646E12]
Data: [117.0, 10.0, 3663592.0, 8.8278972E7, 1.50322335343E12]
Data: [199.0, 0.087173100871731, 6412380.0, -8.8278965E7, -1.50322335343E12]
Data: [218.0, 0.08474576271186449, 2738076.0, 8.8279098E7, 1.503223388298E12]
Data: [117.0, 0.06234413965087281, 6412296.0, -8.8279087E7, -1.503223388298E12]
Data: [146.0, 0.0, 2729832.0, 8.8279196E7, 1.50322342306E12]
Data: [117.0, 0.0745341614906832, 6412172.0, -8.8253389E7, -1.50322342306E12]
Data: [139.0, 0.2371134020618559, 2513668.0, 8.8253514E7, 1.50322345826E12]
Data: [117.0, 0.06203473945409431, 6413016.0, -8.8210585E7, -1.50322345826E12]
Data: [139.0, 0.48707753479125254, 2978984.0, 8.8210735E7, 1.503223493864E12]
Data: [117.0, 0.1118012422360248, 6412080.0, -8.8158062E7, -1.503223493864E12]
Data: [152.0, 0.0, 3575640.0, 8.8158186E7, 1.503223528886E12]
Data: [117.0, 0.049689440993788796, 6412460.0, -8.8080616E7, -1.503223528886E12]
Data: [139.0, 0.33268101761252444, 3944664.0, 8.8080723E7, 1.503223563644E12]
Data: [117.0, 0.049813200498131996, 6412208.0, -8.800328E7, -1.503223563644E12]
Data: [146.0, 0.20742358078602618, 4377176.0, 8.8003593E7, 1.503223603282E12]
Data: [117.0, 0.06226650062266499, 6416728.0, -8.7931656E7, -1.503223603246E12]
Data: [146.0, 0.0, 4388312.0, 8.7931763E7, 1.503223638482E12]
Data: [117.0, 0.049689440993788796, 6417828.0, -8.7854323E7, -1.503223638482E12]
Data: [133.0, 0.7267441860465117, 4388004.0, 8.7854464E7, 1.503223673734E12]
Data: [117.0, 0.049689440993788796, 6416936.0, -8.7776896E7, -1.503223673734E12]
Data: [152.0, 0.617433414043583, 4388128.0, 8.7777001E7, 1.503223708284E12]
Data: [117.0, 0.062111801242236, 6416352.0, -8.7754474E7, -1.503223708284E12]
Data: [152.0, 0.0, 4361080.0, 8.7754581E7, 1.503223743468E12]
Data: [117.0, 0.049689440993788796, 6416844.0, -8.7754581E7, -1.503223743468E12]
Data: [139.0, 0.735294117647059, 4360220.0, 8.7754703E7, 1.50322377856E12]
Data: [117.0, 0.037267080745341595, 6416596.0, -8.7754657E7, -1.50322377856E12]
Data: [146.0, 0.75780089153046, 4358460.0, 8.7754764E7, 1.503223813952E12]
Data: [117.0, 0.049813200498131996, 6416360.0, -8.7754763E7, -1.503223813952E12]
Data: [146.0, 0.7380607814761219, 4358212.0, 8.7754895E7, 1.503223849456E12]
Data: [117.0, 0.049813200498131996, 6417264.0, -8.7754889E7, -1.503223849456E12]
Data: [146.0, 0.7547169811320751, 4358212.0, 8.7754994E7, 1.503223884484E12]
Data: [117.0, 0.0743494423791822, 6416628.0, -8.7754989E7, -1.503223884484E12]
Data: [146.0, 0.0, 4357164.0, 8.7755184E7, 1.503223919302E12]
Data: [117.0, 0.049689440993788796, 6417508.0, -8.7755184E7, -1.503223919302E12]
Data: [133.0, 0.5815279361459523, 4356848.0, 8.7755313E7, 1.50322395429E12]
Data: [117.0, 0.0745341614906832, 6416320.0, -8.7755302E7, -1.50322395429E12]
Data: [146.0, 0.5775764439411097, 4356848.0, 8.7755412E7, 1.503223989478E12]
Data: [117.0, 0.049813200498131996, 6417084.0, -8.7755412E7, -1.503223989478E12]
Data: [146.0, 0.5795454545454547, 4356724.0, 8.775554E7, 1.503224024366E12]
Data: [117.0, 0.0496277915632754, 6416340.0, -8.7755536E7, -1.503224024366E12]
Data: [146.0, 0.5820721769499416, 4356840.0, 8.7755643E7, 1.50322405955E12]
Data: [117.0, 0.04975124378109459, 6417192.0, -8.7755643E7, -1.50322405955E12]
Data: [146.0, 0.6546854942233631, 4356716.0, 8.7755762E7, 1.503224094486E12]
Data: [117.0, 0.06226650062266499, 6416968.0, -8.7755758E7, -1.503224094486E12]
Data: [146.0, 0.5668934240362816, 4356724.0, 8.7755883E7, 1.50322413015E12]
Data: [117.0, 0.049813200498131996, 6416344.0, -8.7755879E7, -1.50322413015E12]
Data: [146.0, 0.6095979247730219, 4355684.0, 8.7755986E7, 1.503224165586E12]
Data: [117.0, 0.062111801242236, 6416964.0, -8.7755966E7, -1.503224165586E12]
Data: [139.0, 0.6649616368286446, 4355864.0, 8.7756098E7, 1.503224201108E12]
Data: [117.0, 0.0619578686493185, 6417312.0, -8.7756083E7, -1.503224201108E12]
Data: [146.0, 0.7193229901269396, 4355856.0, 8.7756191E7, 1.503224236398E12]
Data: [117.0, 0.049689440993788796, 6417108.0, -8.7756191E7, -1.503224236398E12]
Data: [146.0, 0.6538461538461535, 4355740.0, 8.77563E7, 1.503224270914E12]
Data: [117.0, 0.08706467661691542, 6417372.0, -8.7756295E7, -1.503224270914E12]
Data: [146.0, 0.712290502793296, 4355732.0, 8.7756419E7, 1.503224306168E12]
Data: [117.0, 0.04975124378109459, 6417636.0, -8.7756411E7, -1.503224306132E12]
Data: [146.0, 0.6546854942233638, 4355740.0, 8.775656E7, 1.503224341E12]
Data: [117.0, 0.087173100871731, 6418112.0, -8.775656E7, -1.503224341E12]
Data: [146.0, 0.7092198581560285, 4355740.0, 8.7756688E7, 1.503224376338E12]
Data: [117.0, 0.08706467661691542, 6417636.0, -8.7756684E7, -1.503224376338E12]
Data: [146.0, 0.6572164948453603, 4355724.0, 8.7756789E7, 1.5032244111E12]
Data: [117.0, 0.086848635235732, 6417044.0, -8.7756789E7, -1.5032244111E12]
Data: [146.0, 0.0, 4354800.0, 8.7756896E7, 1.503224446494E12]
Data: [117.0, 0.0496277915632754, 6416644.0, -8.7756892E7, -1.503224446494E12]
Data: [139.0, 0.8245877061469266, 4355988.0, 8.7757018E7, 1.50322448143E12]
Data: [117.0, 0.0745341614906832, 6417132.0, -8.7757007E7, -1.50322448143E12]
Data: [146.0, 0.845528455284553, 4356104.0, 8.7757128E7, 1.503224516722E12]
Data: [117.0, 0.04975124378109459, 6417524.0, -8.7757128E7, -1.503224516722E12]
Data: [146.0, 0.7238605898123327, 4356104.0, 8.775726E7, 1.50322455145E12]
Data: [117.0, 0.0498753117206982, 6417052.0, -8.7757256E7, -1.50322455145E12]
Data: [146.0, 0.7961783439490445, 4356104.0, 8.7757364E7, 1.503224586212E12]
Data: [117.0, 0.074719800747198, 6417052.0, -8.7757349E7, -1.503224586212E12]
Data: [146.0, 0.760059612518629, 4355980.0, 8.7757455E7, 1.503224621602E12]
Data: [117.0, 0.049813200498131996, 6417552.0, -8.7757446E7, -1.503224621602E12]
Data: [146.0, 0.8557046979865769, 4355972.0, 8.7757572E7, 1.503224656282E12]
Data: [117.0, 0.049689440993788796, 6416348.0, -8.7757572E7, -1.503224656282E12]
Data: [146.0, 0.2567760342368041, 4355180.0, 8.7757679E7, 1.5032246912E12]
Data: [117.0, 0.0495662949194548, 6417108.0, -8.7757675E7, -1.5032246912E12]
Data: [133.0, 0.9012131715771232, 4355368.0, 8.7757827E7, 1.503224725616E12]
Data: [117.0, 0.0746268656716418, 6417964.0, -8.7757827E7, -1.503224725616E12]
Data: [146.0, 0.7499999999999997, 4355352.0, 8.7757934E7, 1.503224760538E12]
Data: [117.0, 0.049689440993788796, 6414576.0, -8.7757923E7, -1.503224760538E12]
Data: [146.0, 0.7999999999999998, 4355236.0, 8.7758027E7, 1.503224795318E12]
Data: [117.0, 0.0497512437810945, 6414964.0, -8.7758027E7, -1.503224795318E12]
Data: [146.0, 0.7882534775888719, 4355360.0, 8.7758156E7, 1.503224830518E12]
Data: [117.0, 0.0746268656716418, 6412984.0, -8.7758152E7, 35436.0]
Data: [146.0, 0.7480916030534351, 4355352.0, 8.775826E7, -1.503224865954E12]
Data: [117.0, 0.06226650062266499, 6412340.0, -8.7758256E7, 0.0]
Data: [146.0, 0.7751937984496126, 4355360.0, 8.7758396E7, 1.503224901686E12]
Data: [117.0, 0.0373134328358209, 6414448.0, -8.7758396E7, -1.503224901686E12]
Data: [146.0, 0.838709677419355, 4355236.0, 8.7758501E7, 1.503224936136E12]
Data: [117.0, 0.037267080745341595, 6413628.0, -8.7758497E7, -1.503224936136E12]
Data: [146.0, 0.0, 4354172.0, 8.7758606E7, 1.503224970758E12]
Data: [117.0, 0.049689440993788796, 6412888.0, -8.7758592E7, 34988.0]
Data: [139.0, 0.7669616519174036, 4355360.0, 8.7758715E7, -1.503225005746E12]
Data: [117.0, 0.0746268656716418, 6413140.0, -8.77587E7, 36.0]
Data: [146.0, 0.7680491551459296, 4355360.0, 8.7758809E7, 1.503225041408E12]
Data: [117.0, 0.04975124378109459, 6414128.0, -8.77588E7, -1.503225041408E12]
Data: [146.0, 0.6993006993006989, 4355360.0, 8.775893E7, 1.503225076296E12]
Data: [117.0, 0.049813200498131996, 6414176.0, -8.7758924E7, 34918.0]
Data: [146.0, 0.7680491551459299, 4355236.0, 8.7759032E7, -1.503225111214E12]
Data: [117.0, 0.04975124378109459, 6413420.0, -8.7759032E7, 0.0]
Data: [146.0, 0.7703927492447129, 4355368.0, 8.7759178E7, 1.503225145998E12]
Data: [117.0, 0.049813200498131996, 6413056.0, -8.7759174E7, -1.503225145998E12]
Data: [146.0, 0.7338129496402881, 4355360.0, 8.7759291E7, 1.503225181462E12]
Data: [117.0, 0.049689440993788796, 6412808.0, -8.7759288E7, 34918.0]
Data: [146.0, 0.1125175808720112, 2206192.0, 8.7759395E7, -1.50322521638E12]
Data: [117.0, 0.037359900373599, 6413436.0, -8.7759342E7, 0.0]
Data: [133.0, 0.0, 2198276.0, 8.7759472E7, 1.503225251106E12]
Data: [117.0, 0.0748129675810474, 6412612.0, -8.7759113E7, -1.503225251106E12]
Data: [133.0, 0.5543478260869564, 2233792.0, 8.7759218E7, 1.503225286024E12]
Data: [117.0, 0.0373134328358209, 6413324.0, -8.7758918E7, 34990.0]
Data: [146.0, 0.0, 2207216.0, 8.7759035E7, -1.503225321014E12]
Data: [117.0, 0.049813200498131996, 6413340.0, -8.7759035E7, 0.0]
Data: [133.0, 0.7132867132867129, 3527800.0, 8.7759157E7, 1.503225356054E12]
Data: [117.0, 0.0748129675810474, 6413148.0, -8.7738463E7, -1.503225356054E12]
Data: [139.0, 0.0, 3605700.0, 8.7738572E7, 1.503225390974E12]
Data: [117.0, 0.037406483790523706, 6413044.0, -8.769473E7, -1.503225390974E12]
Data: [133.0, 0.0, 3607940.0, 8.7694859E7, 1.503225426334E12]
Data: [117.0, 0.049689440993788796, 6413364.0, -8.7655616E7, 34654.0]
Data: [133.0, 0.0, 3607172.0, 8.7655707E7, -1.503225460988E12]
Data: [117.0, 0.062111801242236, 6413232.0, -8.7599885E7, 0.0]
Data: [133.0, 0.0, 3608924.0, 8.7599992E7, 1.503225496382E12]
Data: [117.0, 0.037359900373599, 6413148.0, -8.7551957E7, -1.503225496382E12]
Data: [133.0, 0.0, 3608056.0, 8.7552075E7, 1.503225531518E12]
Data: [117.0, 0.08706467661691542, 6411940.0, -8.749992E7, 35026.0]
Data: [133.0, 0.0, 3608180.0, 8.7500064E7, -1.503225566544E12]
Data: [117.0, 0.06226650062266499, 6413108.0, -8.7461935E7, 0.0]
Data: [133.0, 0.0130378096479791, 3607064.0, 8.7462062E7, 1.50322560154E12]
Data: [117.0, 0.074719800747198, 6412492.0, -8.7434236E7, -1.50322560154E12]
Data: [133.0, 0.0, 3606800.0, 8.7434325E7, 1.503225636144E12]
Data: [117.0, 0.074719800747198, 6412748.0, -8.7428725E7, -1.503225636144E12]
Data: [133.0, 0.0, 2215472.0, 8.7428832E7, 1.503225671116E12]
Data: [117.0, 0.0745341614906832, 6412404.0, -8.7424781E7, 34832.0]
Data: [133.0, 0.0, 3606544.0, 8.7424904E7, -1.503225705948E12]
Data: [117.0, 0.04975124378109459, 6412876.0, -8.7375027E7, 36.0]
Data: [133.0, 0.013157894736842101, 3611752.0, 8.7375124E7, 1.503225740988E12]
Data: [117.0, 0.08706467661691542, 6413528.0, -8.7313682E7, -1.503225740988E12]
Data: [133.0, 0.0, 3611008.0, 8.7313807E7, 1.503225775954E12]
Data: [117.0, 0.0746268656716418, 6413540.0, -8.7279002E7, 34864.0]
Data: [133.0, 0.0, 3607768.0, 8.7279078E7, -1.503225810818E12]
Data: [117.0, 0.049689440993788796, 6412716.0, -8.7253815E7, 0.0]
Data: [133.0, 0.0, 3607412.0, 8.7253915E7, 1.503225845646E12]
Data: [117.0, 0.0745341614906832, 6412600.0, -8.7225554E7, -1.503225845646E12]
Data: [133.0, 0.0, 3607288.0, 8.722567E7, 1.503225880534E12]
Data: [117.0, 0.0498753117206982, 6413488.0, -8.7200196E7, -1.503225880534E12]
Data: [133.0, 0.0, 3607412.0, 8.7200281E7, 1.503225915138E12]
Data: [117.0, 0.0869565217391304, 6413868.0, -8.7185981E7, 34802.0]
Data: [133.0, 0.0, 3606916.0, 8.7186113E7, -1.50322594994E12]
Data: [117.0, 0.049689440993788796, 6414052.0, -8.7166046E7, 0.0]
Data: [133.0, 0.0, 3606916.0, 8.7166128E7, 1.503225985578E12]
Data: [117.0, 0.086848635235732, 6413556.0, -8.7152978E7, -1.503225985578E12]
Data: [133.0, 0.0, 3606792.0, 8.715308E7, 1.503226019866E12]
Data: [117.0, 0.08706467661691542, 6412932.0, -8.7137497E7, 34990.0]
Data: [133.0, 0.0, 3606792.0, 8.7137614E7, -1.503226054856E12]
Data: [117.0, 0.049813200498131996, 6413596.0, -8.7123437E7, 0.0]
Data: [133.0, 0.0, 3606792.0, 8.7123524E7, 1.503226089828E12]
Data: [117.0, 0.062111801242236, 6413232.0, -8.7108994E7, -1.503226089828E12]
Data: [133.0, 0.0, 3606792.0, 8.7109131E7, 1.503226124852E12]
Data: [117.0, 0.04975124378109459, 6413356.0, -8.7099247E7, 35394.0]
Data: [133.0, 0.572354211663067, 2217916.0, 8.7099325E7, -1.503226160246E12]
Data: [117.0, 0.049689440993788796, 6412832.0, -8.7099321E7, 0.0]
Data: [133.0, 0.6097560975609755, 3070432.0, 8.7099424E7, 1.503226195394E12]
Data: [117.0, 0.04975124378109459, 6413248.0, -8.7083409E7, -1.503226195394E12]
Data: [146.0, 0.0, 3608528.0, 8.7083525E7, 1.503226230906E12]
Data: [117.0, 0.04975124378109459, 6413632.0, -8.7026665E7, 34970.0]
Data: [133.0, 0.0, 3612744.0, 8.7026746E7, -1.503226265876E12]
Data: [117.0, 0.049813200498131996, 6413272.0, -8.69871E7, 0.0]
Data: [133.0, 0.0, 3611008.0, 8.6987226E7, 1.50322630124E12]
Data: [117.0, 0.0374531835205992, 6412924.0, -8.6929263E7, -1.50322630124E12]
Data: [133.0, 0.0, 3611380.0, 8.6929336E7, 1.503226336634E12]
Data: [117.0, 0.049813200498131996, 6413468.0, -8.6873927E7, -1.503226336634E12]
Data: [133.0, 0.0, 3611132.0, 8.6874055E7, 1.50322637089E12]
Data: [117.0, 0.06226650062266499, 6413848.0, -8.6828181E7, 35192.0]
Data: [133.0, 0.0, 3610884.0, 8.6828299E7, -1.503226406082E12]
Data: [117.0, 0.0619578686493185, 6412752.0, -8.6793655E7, 36.0]
Data: [133.0, 0.0, 3609892.0, 8.6793736E7, 1.503226441584E12]
Data: [117.0, 0.0746268656716418, 6413720.0, -8.6768966E7, -1.503226441584E12]
Data: [133.0, 0.558659217877095, 2738612.0, 8.6769091E7, 1.50322647668E12]
Data: [117.0, 0.04975124378109459, 6414240.0, -8.6769091E7, 35290.0]
Data: [139.0, 0.0124378109452736, 2210960.0, 8.6769168E7, -1.50322651197E12]
Data: [117.0, 0.2363184079601989, 6413284.0, -8.6768829E7, 0.0]
Data: [133.0, 0.0, 2210728.0, 8.6768933E7, 1.503226546958E12]
Data: [117.0, 0.08706467661691542, 6413180.0, -8.6768769E7, -1.503226546958E12]
Data: [133.0, 0.0, 2219604.0, 8.6768888E7, 1.503226582052E12]
Data: [117.0, 0.0745341614906832, 6414168.0, -8.6768815E7, -1.50258907938E12]
Data: [133.0, 0.579557428872497, 2220048.0, 8.6768893E7, 1.502589113672E12]
Data: [117.0, 0.0498753117206983, 6413600.0, -8.6768888E7, 35198.0]
Data: [159.0, 0.843785632839225, 2219056.0, 8.6769014E7, -1.501726744302E12]
Data: [117.0, 0.08706467661691542, 6414652.0, -8.6769014E7, 9.97261672E8]
Data: [159.0, 0.8823529411764699, 2219288.0, 8.6769089E7, 1.500729517388E12]
Data: [117.0, 0.0496277915632754, 6415040.0, -8.6769086E7, -1.499732159092E12]
Data: [159.0, 0.903954802259887, 2219056.0, 8.6769175E7, 1.49973219398E12]
Data: [117.0, 0.086848635235732, 6414804.0, -8.6769175E7, 34886.0]
Data: [159.0, 0.8859357696567, 2218924.0, 8.6769294E7, -1.498735212826E12]
Data: [117.0, 0.049813200498131996, 6414204.0, -8.6769291E7, 9.97797024E8]
Data: [159.0, 0.8278145695364238, 2218808.0, 8.6769409E7, 1.497737450934E12]
Data: [117.0, 0.062189054726368195, 6413976.0, -8.6769409E7, -1.496738779486E12]
Data: [159.0, 0.9447852760736191, 2218808.0, 8.6769532E7, 1.496738814352E12]
Data: [117.0, 0.06226650062266499, 6413984.0, 78.0, 34660.0]
Data: [159.0, 0.062189054726368195, 6414324.0, -8.6769607E7, -1.495710700148E12]
Data: [117.0, 0.6638115631691652, 2218784.0, 8.6769688E7, 9.98130104E8]
Data: [159.0, 0.0744416873449132, 6413808.0, -8.6769688E7, 1.4947126043E12]
Data: [117.0, 0.742734122712594, 2218536.0, 8.6769804E7, 34832.0]
Data: [159.0, 0.04975124378109459, 6415300.0, -8.6769768E7, -1.493715824036E12]
Data: [117.0, 0.784103114930183, 2218032.0, 8.6769858E7, 1.493715858744E12]
Data: [159.0, 0.0745341614906832, 6414300.0, -8.6769735E7, -1.4927455682E12]
Data: [117.0, 0.7380457380457381, 2217280.0, 8.6769857E7, 9.57077448E8]
Data: [146.0, 0.0498753117206982, 6414276.0, -8.6769857E7, 1.491788526152E12]
Data: [117.0, 0.725995316159251, 2216668.0, 8.6769933E7, 34762.0]
Data: [146.0, 0.074719800747198, 6414392.0, -8.6769925E7, -1.490829054842E12]
Data: [117.0, 0.777262180974478, 2216684.0, 8.6770002E7, 1.490829089604E12]
Data: [146.0, 0.06226650062266499, 6414424.0, -8.6770002E7, -1.489870235092E12]
Data: [117.0, 0.738569753810082, 2216536.0, 8.6770282E7, 8.95500872E8]
Data: [146.0, 0.049813200498131996, 6417764.0, -8.6770277E7, 1.488974772602E12]
Data: [117.0, 0.810810810810811, 2216420.0, 8.6770389E7, 35040.0]
Data: [159.0, 0.062189054726368195, 6412764.0, -8.6770389E7, -1.48808974335E12]
Data: [117.0, 0.65843621399177, 2216544.0, 3.0, 8.88563288E8]
Data: [159.0, 0.6798245614035082, 2216296.0, 8.6770555E7, 1.487201214628E12]
Data: [112.0, 0.086848635235732, 6413516.0, -8.6770555E7, 34552.0]
Data: [159.0, 0.8158765159867689, 2216172.0, 8.6770631E7, -1.486311825884E12]
Data: [112.0, 0.0497512437810945, 6413760.0, -8.6770628E7, 6.9312348E8]
Data: [159.0, 0.5549845837615628, 2216792.0, 8.6770733E7, 1.485618737132E12]
Data: [112.0, 0.06226650062266499, 6413872.0, -8.6770733E7, -1.484859897116E12]
Data: [159.0, 0.486772486772487, 2216916.0, 8.6770809E7, 1.484859932248E12]
Data: [117.0, 0.099502487562189, 6413488.0, 77.0, 35390.0]
Data: [159.0, 0.04975124378109459, 6414228.0, -8.6770883E7, -1.484101452814E12]
Data: [117.0, 0.42084168336673305, 2216916.0, 8.6770986E7, 7.583286E8]
Data: [159.0, 0.08706467661691542, 6413108.0, -8.6770981E7, 1.483343159094E12]
Data: [117.0, 0.4119850187265913, 2216792.0, 4.0, -1.482519579494E12]
Data: [152.0, 0.6784968684759919, 2216792.0, 8.6771055E7, 1.482519614044E12]
Data: [117.0, 0.04975124378109459, 6413008.0, 98.0, 34464.0]
Data: [159.0, 0.0745341614906832, 6413736.0, -8.6771124E7, -1.482021712516E12]
Data: [117.0, 0.0, 2216216.0, 8.6771201E7, 6.64058504E8]
Data: [146.0, 0.037267080745341595, 6414136.0, -8.6771201E7, 1.481357688832E12]
Data: [117.0, 0.4442344045368623, 2216784.0, 8.6771279E7, 35662.0]
Data: [159.0, 0.062189054726368195, 6414028.0, -8.6771264E7, -1.480579296238E12]
Data: [117.0, 0.6021251475796934, 2216776.0, 8.677136E7, 1.480579331598E12]
Data: [159.0, 0.04975124378109459, 6413916.0, -8.677136E7, -1.47980235931E12]
Data: [117.0, 0.5408271474019087, 2216660.0, 8.6771442E7, 1.4798023946E12]
Data: [159.0, 0.049689440993788796, 6414268.0, -8.6771439E7, -1.479024226464E12]
Data: [117.0, 0.5527638190954773, 2216668.0, 8.6771568E7, 7.78202232E8]
Data: [159.0, 0.04975124378109459, 6414908.0, -8.6771568E7, 1.478246059524E12]
Data: [117.0, 0.604453870625663, 2216536.0, 8.677165E7, 35434.0]
Data: [159.0, 0.04975124378109459, 6414068.0, -8.6771647E7, -1.477463632294E12]
Data: [117.0, 0.6377551020408161, 2216420.0, 8.6771726E7, 1.477463667548E12]
Data: [159.0, 0.037267080745341595, 6413680.0, -8.6771726E7, -1.476684498468E12]
Data: [117.0, 0.6104328523862377, 2216420.0, 8.6771823E7, 7.6773324E8]
Data: [159.0, 0.062189054726368195, 6413420.0, -8.677182E7, 1.475916800694E12]
Data: [117.0, 0.672588832487309, 2216412.0, 8.6771902E7, 34450.0]
Data: [152.0, 0.049813200498131996, 6413688.0, -8.6771902E7, -1.475056277608E12]
Data: [117.0, 0.5156950672645739, 2216412.0, 8.6772012E7, 1.475056312544E12]
Data: [159.0, 0.074719800747198, 6413384.0, -8.6772005E7, -1.474295874752E12]
Data: [117.0, 0.7384230287859826, 2215800.0, 8.6772085E7, 1.474295910044E12]
Data: [159.0, 0.04975124378109459, 6413640.0, -8.6772085E7, -1.47353507286E12]
Data: [117.0, 0.658036677454153, 2215800.0, 8.6772164E7, 7.62349084E8]
Data: [159.0, 0.04975124378109459, 6414232.0, -8.6772154E7, 1.472772758296E12]
Data: [117.0, 0.7151370679380209, 2215916.0, 8.6772248E7, 34832.0]
Data: [159.0, 0.0744416873449132, 6414016.0, -8.6772248E7, -1.471841471728E12]
Data: [117.0, 0.798687089715536, 2215552.0, 8.6772329E7, 1.471841506224E12]
Data: [146.0, 0.062111801242236, 6414672.0, -8.6772311E7, -1.470728177432E12]
Data: [117.0, 0.8229988726042838, 2215544.0, 8.6772406E7, 1.065691416E9]
Data: [146.0, 0.062111801242236, 6414052.0, -8.6772406E7, 1.469662521214E12]
Data: [117.0, 0.7407407407407409, 2216296.0, 8.6772485E7, 34922.0]
Data: [146.0, 0.0496277915632754, 6415040.0, -8.6772482E7, -1.468540719264E12]
Data: [117.0, 0.849420849420849, 2216156.0, 8.67726E7, 1.46854075456E12]
Data: [146.0, 0.04975124378109459, 6414540.0, -8.67726E7, -1.467435081056E12]
Data: [117.0, 0.787486515641856, 2216164.0, 8.6772696E7, 1.105004424E9]
Data: [146.0, 0.074719800747198, 6415084.0, -8.6772693E7, 1.466330111304E12]
Data: [117.0, 0.860349127182045, 2216164.0, 8.6772772E7, 35066.0]
Data: [146.0, 0.06226650062266499, 6415060.0, -8.6772772E7, -1.465224513994E12]
Data: [117.0, 0.7450157397691499, 2216288.0, 8.6772871E7, 1.465224548354E12]
Data: [146.0, 0.0746268656716418, 6414560.0, -8.677286E7, -1.464118799962E12]
Data: [117.0, 0.866141732283464, 2216040.0, 8.6772938E7, 1.107310192E9]
Data: [146.0, 0.037220843672456594, 6413960.0, -8.6772938E7, 1.463011525102E12]
Data: [117.0, 0.845070422535211, 2215536.0, 8.6773037E7, 35048.0]
Data: [146.0, 0.024906600249065998, 6413632.0, -8.6773034E7, -1.461899532806E12]
Data: [117.0, 0.8607021517553791, 2215544.0, 8.6773132E7, 1.461899568166E12]
Data: [146.0, 0.0373134328358209, 6414236.0, -8.6773132E7, -1.460799550518E12]
Data: [117.0, 0.828258221680877, 2215108.0, 8.6773213E7, 1.460799585336E12]
Data: [133.0, 0.049813200498131996, 6409852.0, -8.6773192E7, -1.4605340624E12]
Data: [117.0, 0.5654761904761904, 2215320.0, 8.6773292E7, 7.81402128E8]
Data: [159.0, 0.0374531835205992, 6411120.0, -8.6773273E7, 1.459752695424E12]
Data: [117.0, 0.47572815533980634, 2215328.0, 8.6773352E7, 35396.0]
Data: [159.0, 0.0249376558603492, 6411420.0, -8.6773345E7, -1.45897083558E12]
Data: [117.0, 0.6555423122765202, 2215320.0, 8.6773424E7, 1.458970870362E12]
Data: [159.0, 0.037359900373599, 6411792.0, -8.6773424E7, -1.458190565858E12]
Data: [117.0, 0.6332138590203109, 2215320.0, 8.6773532E7, 7.80782488E8]
Data: [159.0, 0.037267080745341595, 6411896.0, -8.6773529E7, 1.457409818366E12]
Data: [117.0, 0.651387213510253, 2215436.0, 8.6773608E7, 35184.0]
Data: [159.0, 0.0373134328358209, 6412540.0, -8.6773608E7, -1.456629005286E12]
Data: [117.0, 0.647820965842167, 2215312.0, 8.6773704E7, 1.456629040484E12]
Data: [159.0, 0.06226650062266499, 6411852.0, -8.6773692E7, -1.455849435244E12]
Data: [117.0, 0.7372654155495979, 2215320.0, 8.6773772E7, 1.455849470168E12]
Data: [159.0, 0.04975124378109459, 6412220.0, -8.6773772E7, -1.45505133392E12]
Data: [117.0, 0.5202312138728329, 2215304.0, 8.6773853E7, 7.81072836E8]
Data: [159.0, 0.024906600249065998, 6412188.0, -8.6773848E7, 1.45427029618E12]
Data: [117.0, 0.657894736842105, 2215180.0, 8.6773959E7, 34784.0]
Data: [159.0, 0.0498753117206983, 6411340.0, -8.6773959E7, -1.453488962348E12]
Data: [117.0, 0.575461454940282, 2215180.0, 8.6774037E7, 1.453488997268E12]
Data: [159.0, 0.049689440993788796, 6411752.0, -8.6774034E7, -1.452705576116E12]
Data: [117.0, 0.6577344701583441, 2215188.0, 8.6774136E7, 7.84345064E8]
Data: [159.0, 0.0496277915632754, 6411628.0, -8.6774136E7, 1.451921266246E12]
Data: [112.0, 0.6674473067915689, 2215064.0, 8.6774215E7, 35188.0]
Data: [159.0, 0.024906600249065998, 6410884.0, -8.6774212E7, -1.451136064042E12]
Data: [112.0, 0.718085106382979, 2215180.0, 8.6774291E7, 1.451136099242E12]
Data: [159.0, 0.062189054726368195, 6410984.0, -8.6774286E7, -1.450326977786E12]
Data: [112.0, 0.7503234152652003, 2215056.0, 8.677439E7, 1.450327012882E12]
Data: [159.0, 0.062189054726368195, 6410920.0, -8.6774387E7, -1.449449163602E12]
Data: [117.0, 0.671834625322998, 2215064.0, 8.6774466E7, 8.99490656E8]
Data: [159.0, 0.024906600249065998, 6411024.0, -8.6774466E7, 1.448549707972E12]
Data: [117.0, 0.6909090909090907, 2215064.0, 8.677459E7, 34832.0]
Data: [159.0, 0.0869565217391304, 6412028.0, -8.6774587E7, -1.44770178518E12]
Data: [117.0, 0.4364569961489085, 2215064.0, 8.6774665E7, 1.44770182057E12]
Data: [146.0, 0.024844720496894398, 6411440.0, -8.6774665E7, -1.446652452066E12]
Data: [117.0, 0.87719298245614, 2214560.0, 8.6774748E7, 9.9710736E8]
Data: [159.0, 0.04975124378109459, 6411516.0, -8.6774737E7, 1.445655379328E12]
Data: [112.0, 0.930817610062893, 2214436.0, 8.6774839E7, 34880.0]
Data: [159.0, 0.06226650062266499, 6411484.0, -8.6774839E7, -1.444656960816E12]
Data: [112.0, 0.872817955112219, 2214552.0, 8.677492E7, 1.444656995948E12]
Data: [159.0, 0.0746268656716418, 6411332.0, -8.6774917E7, -1.44365987062E12]
Data: [117.0, 0.9866666666666659, 2214436.0, 8.6775025E7, 9.98055408E8]
Data: [159.0, 0.024906600249065998, 6411332.0, -8.6775025E7, 1.442661850468E12]
Data: [117.0, 0.8690476190476191, 2214436.0, 8.6775108E7, 35172.0]
Data: [159.0, 0.062189054726368195, 6411996.0, -8.6775105E7, -1.44166296628E12]
Data: [117.0, 1.065573770491803, 2214436.0, 8.6775185E7, 1.441663001272E12]
Data: [159.0, 0.037359900373599, 6412012.0, -8.677518E7, -1.440643391272E12]
Data: [117.0, 0.8883826879271071, 2214304.0, 8.6775277E7, 1.440643426636E12]
Data: [159.0, 0.024906600249065998, 6413260.0, -8.6775275E7, -1.439646690524E12]
X1 data: [0.453608247422681, 0.0248138957816378, 6.02243313201035, 0.0248756218905472, 7.084548104956269, 0.024906600249065998, 7.228195937873361, 0.012484394506866399, 8.96017699115044, 0.024906600249065998, 6.02870813397129, 0.07453416149068319, 5.580568720379145, 0.062189054726368195, 6.931949250288355, 0.024844720496894398, 6.305418719211825, 0.037220843672456594, 10.0, 0.12453300124532998, 0.9788867562380041, 0.0498753117206982, 6.381660470879802, 0.0248756218905472, 6.050724637681163, 0.062189054726368195, 6.639534883720931, 0.0248756218905472, 6.970443349753694, 0.0869565217391304, 2.7508090614886758, 0.04975124378109459, 7.751710654936463, 0.062189054726368195, 10.0, 0.1118012422360248, 0.0, 0.024906600249065998, 2.84109149277689, 0.0373134328358209, 10.0, 0.06203473945409431, 8.307030129124819, 0.06203473945409431, 9.430232558139531, 0.049689440993788796, 9.03141361256545, 0.062189054726368195, 5.747836835599505, 0.0373134328358209, 7.1907514450867005, 0.0248756218905472, 1.974842767295596, 0.0249376558603492, 10.0, 0.09950248756218909, 0.6439393939393944, 0.049689440993788796, 5.877080665813057, 0.06203473945409431, 6.264744429882044, 0.049813200498131996, 7.490196078431369, 0.037359900373599, 8.44240837696335, 0.06226650062266499, 4.497206703910618, 0.0746268656716418, 7.8326612903225845, 0.0373134328358209, 10.0, 0.086848635235732, 0.0, 0.0371747211895911, 3.689839572192513, 0.0373134328358209, 10.0, 0.06226650062266499, 6.782246879334261, 0.074719800747198, 3.6222222222222245, 0.062189054726368195, 10.0, 0.0745341614906832, 6.306306306306304, 0.0746268656716418, 7.2215422276621775, 0.0373134328358209, 3.0025445292620914, 0.0619578686493185, 10.0, 0.1119402985074627, 0.6335403726708076, 0.04975124378109459, 5.269841269841265, 0.062189054726368195, 5.670731707317076, 0.0373134328358209, 5.865853658536584, 0.037267080745341595, 6.6990291262135955, 0.0746268656716418, 5.185643564356431, 0.06226650062266499, 3.676939426142398, 0.024906600249065998, 10.0, 0.087173100871731, 0.08474576271186449, 0.06234413965087281, 0.0, 0.0745341614906832, 0.2371134020618559, 0.06203473945409431, 0.48707753479125254, 0.1118012422360248, 0.0, 0.049689440993788796, 0.33268101761252444, 0.049813200498131996, 0.20742358078602618, 0.06226650062266499, 0.0, 0.049689440993788796, 0.7267441860465117, 0.049689440993788796, 0.617433414043583, 0.062111801242236, 0.0, 0.049689440993788796, 0.735294117647059, 0.037267080745341595, 0.75780089153046, 0.049813200498131996, 0.7380607814761219, 0.049813200498131996, 0.7547169811320751, 0.0743494423791822, 0.0, 0.049689440993788796, 0.5815279361459523, 0.0745341614906832, 0.5775764439411097, 0.049813200498131996, 0.5795454545454547, 0.0496277915632754, 0.5820721769499416, 0.04975124378109459, 0.6546854942233631, 0.06226650062266499, 0.5668934240362816, 0.049813200498131996, 0.6095979247730219, 0.062111801242236, 0.6649616368286446, 0.0619578686493185, 0.7193229901269396, 0.049689440993788796, 0.6538461538461535, 0.08706467661691542, 0.712290502793296, 0.04975124378109459, 0.6546854942233638, 0.087173100871731, 0.7092198581560285, 0.08706467661691542, 0.6572164948453603, 0.086848635235732, 0.0, 0.0496277915632754, 0.8245877061469266, 0.0745341614906832, 0.845528455284553, 0.04975124378109459, 0.7238605898123327, 0.0498753117206982, 0.7961783439490445, 0.074719800747198, 0.760059612518629, 0.049813200498131996, 0.8557046979865769, 0.049689440993788796, 0.2567760342368041, 0.0495662949194548, 0.9012131715771232, 0.0746268656716418, 0.7499999999999997, 0.049689440993788796, 0.7999999999999998, 0.0497512437810945, 0.7882534775888719, 0.0746268656716418, 0.7480916030534351, 0.06226650062266499, 0.7751937984496126, 0.0373134328358209, 0.838709677419355, 0.037267080745341595, 0.0, 0.049689440993788796, 0.7669616519174036, 0.0746268656716418, 0.7680491551459296, 0.04975124378109459, 0.6993006993006989, 0.049813200498131996, 0.7680491551459299, 0.04975124378109459, 0.7703927492447129, 0.049813200498131996, 0.7338129496402881, 0.049689440993788796, 0.1125175808720112, 0.037359900373599, 0.0, 0.0748129675810474, 0.5543478260869564, 0.0373134328358209, 0.0, 0.049813200498131996, 0.7132867132867129, 0.0748129675810474, 0.0, 0.037406483790523706, 0.0, 0.049689440993788796, 0.0, 0.062111801242236, 0.0, 0.037359900373599, 0.0, 0.08706467661691542, 0.0, 0.06226650062266499, 0.0130378096479791, 0.074719800747198, 0.0, 0.074719800747198, 0.0, 0.0745341614906832, 0.0, 0.04975124378109459, 0.013157894736842101, 0.08706467661691542, 0.0, 0.0746268656716418, 0.0, 0.049689440993788796, 0.0, 0.0745341614906832, 0.0, 0.0498753117206982, 0.0, 0.0869565217391304, 0.0, 0.049689440993788796, 0.0, 0.086848635235732, 0.0, 0.08706467661691542, 0.0, 0.049813200498131996, 0.0, 0.062111801242236, 0.0, 0.04975124378109459, 0.572354211663067, 0.049689440993788796, 0.6097560975609755, 0.04975124378109459, 0.0, 0.04975124378109459, 0.0, 0.049813200498131996, 0.0, 0.0374531835205992, 0.0, 0.049813200498131996, 0.0, 0.06226650062266499, 0.0, 0.0619578686493185, 0.0, 0.0746268656716418, 0.558659217877095, 0.04975124378109459, 0.0124378109452736, 0.2363184079601989, 0.0, 0.08706467661691542, 0.0, 0.0745341614906832, 0.579557428872497, 0.0498753117206983, 0.843785632839225, 0.08706467661691542, 0.8823529411764699, 0.0496277915632754, 0.903954802259887, 0.086848635235732, 0.8859357696567, 0.049813200498131996, 0.8278145695364238, 0.062189054726368195, 0.9447852760736191, 0.06226650062266499, 0.062189054726368195, 0.6638115631691652, 0.0744416873449132, 0.742734122712594, 0.04975124378109459, 0.784103114930183, 0.0745341614906832, 0.7380457380457381, 0.0498753117206982, 0.725995316159251, 0.074719800747198, 0.777262180974478, 0.06226650062266499, 0.738569753810082, 0.049813200498131996, 0.810810810810811, 0.062189054726368195, 0.65843621399177, 0.6798245614035082, 0.086848635235732, 0.8158765159867689, 0.0497512437810945, 0.5549845837615628, 0.06226650062266499, 0.486772486772487, 0.099502487562189, 0.04975124378109459, 0.42084168336673305, 0.08706467661691542, 0.4119850187265913, 0.6784968684759919, 0.04975124378109459, 0.0745341614906832, 0.0, 0.037267080745341595, 0.4442344045368623, 0.062189054726368195, 0.6021251475796934, 0.04975124378109459, 0.5408271474019087, 0.049689440993788796, 0.5527638190954773, 0.04975124378109459, 0.604453870625663, 0.04975124378109459, 0.6377551020408161, 0.037267080745341595, 0.6104328523862377, 0.062189054726368195, 0.672588832487309, 0.049813200498131996, 0.5156950672645739, 0.074719800747198, 0.7384230287859826, 0.04975124378109459, 0.658036677454153, 0.04975124378109459, 0.7151370679380209, 0.0744416873449132, 0.798687089715536, 0.062111801242236, 0.8229988726042838, 0.062111801242236, 0.7407407407407409, 0.0496277915632754, 0.849420849420849, 0.04975124378109459, 0.787486515641856, 0.074719800747198, 0.860349127182045, 0.06226650062266499, 0.7450157397691499, 0.0746268656716418, 0.866141732283464, 0.037220843672456594, 0.845070422535211, 0.024906600249065998, 0.8607021517553791, 0.0373134328358209, 0.828258221680877, 0.049813200498131996, 0.5654761904761904, 0.0374531835205992, 0.47572815533980634, 0.0249376558603492, 0.6555423122765202, 0.037359900373599, 0.6332138590203109, 0.037267080745341595, 0.651387213510253, 0.0373134328358209, 0.647820965842167, 0.06226650062266499, 0.7372654155495979, 0.04975124378109459, 0.5202312138728329, 0.024906600249065998, 0.657894736842105, 0.0498753117206983, 0.575461454940282, 0.049689440993788796, 0.6577344701583441, 0.0496277915632754, 0.6674473067915689, 0.024906600249065998, 0.718085106382979, 0.062189054726368195, 0.7503234152652003, 0.062189054726368195, 0.671834625322998, 0.024906600249065998, 0.6909090909090907, 0.0869565217391304, 0.4364569961489085, 0.024844720496894398, 0.87719298245614, 0.04975124378109459, 0.930817610062893, 0.06226650062266499, 0.872817955112219, 0.0746268656716418, 0.9866666666666659, 0.024906600249065998, 0.8690476190476191, 0.062189054726368195, 1.065573770491803, 0.037359900373599, 0.8883826879271071, 0.024906600249065998, 0.0, 0.0, ]
X2 data: [2766464.0, 6409472.0, 2857136.0, 6409528.0, 2842384.0, 6409308.0, 3382556.0, 6409560.0, 2984452.0, 6410172.0, 2951204.0, 6410308.0, 3518872.0, 6410420.0, 4083908.0, 6409808.0, 3047648.0, 6410544.0, 3199540.0, 6410792.0, 2959756.0, 6411204.0, 4010532.0, 6411504.0, 4591760.0, 6411280.0, 5136396.0, 6411644.0, 5298356.0, 6411424.0, 4196728.0, 6410568.0, 3379764.0, 6410548.0, 3654664.0, 6410948.0, 2738624.0, 6411224.0, 2811084.0, 6409740.0, 2861672.0, 6410464.0, 3282224.0, 6410844.0, 2976648.0, 6411232.0, 2976624.0, 6410884.0, 3551120.0, 6411484.0, 4105212.0, 6411740.0, 2954484.0, 6411684.0, 3198268.0, 6409872.0, 2939048.0, 6411084.0, 3967448.0, 6411072.0, 4545252.0, 6411712.0, 5076380.0, 6411740.0, 5583168.0, 6411612.0, 4540604.0, 6411248.0, 3443252.0, 6411416.0, 3675304.0, 6411452.0, 2738632.0, 6411952.0, 2882312.0, 6412456.0, 2859904.0, 6413988.0, 3224192.0, 6411892.0, 2910440.0, 6412520.0, 2972916.0, 6412308.0, 3361104.0, 6411572.0, 3955172.0, 6412424.0, 3479468.0, 6412180.0, 3199428.0, 6412316.0, 2820008.0, 6411348.0, 3784184.0, 6412016.0, 4350572.0, 6411652.0, 4887172.0, 6411664.0, 5384272.0, 6411216.0, 4727620.0, 6411872.0, 3214340.0, 6411764.0, 3663592.0, 6412380.0, 2738076.0, 6412296.0, 2729832.0, 6412172.0, 2513668.0, 6413016.0, 2978984.0, 6412080.0, 3575640.0, 6412460.0, 3944664.0, 6412208.0, 4377176.0, 6416728.0, 4388312.0, 6417828.0, 4388004.0, 6416936.0, 4388128.0, 6416352.0, 4361080.0, 6416844.0, 4360220.0, 6416596.0, 4358460.0, 6416360.0, 4358212.0, 6417264.0, 4358212.0, 6416628.0, 4357164.0, 6417508.0, 4356848.0, 6416320.0, 4356848.0, 6417084.0, 4356724.0, 6416340.0, 4356840.0, 6417192.0, 4356716.0, 6416968.0, 4356724.0, 6416344.0, 4355684.0, 6416964.0, 4355864.0, 6417312.0, 4355856.0, 6417108.0, 4355740.0, 6417372.0, 4355732.0, 6417636.0, 4355740.0, 6418112.0, 4355740.0, 6417636.0, 4355724.0, 6417044.0, 4354800.0, 6416644.0, 4355988.0, 6417132.0, 4356104.0, 6417524.0, 4356104.0, 6417052.0, 4356104.0, 6417052.0, 4355980.0, 6417552.0, 4355972.0, 6416348.0, 4355180.0, 6417108.0, 4355368.0, 6417964.0, 4355352.0, 6414576.0, 4355236.0, 6414964.0, 4355360.0, 6412984.0, 4355352.0, 6412340.0, 4355360.0, 6414448.0, 4355236.0, 6413628.0, 4354172.0, 6412888.0, 4355360.0, 6413140.0, 4355360.0, 6414128.0, 4355360.0, 6414176.0, 4355236.0, 6413420.0, 4355368.0, 6413056.0, 4355360.0, 6412808.0, 2206192.0, 6413436.0, 2198276.0, 6412612.0, 2233792.0, 6413324.0, 2207216.0, 6413340.0, 3527800.0, 6413148.0, 3605700.0, 6413044.0, 3607940.0, 6413364.0, 3607172.0, 6413232.0, 3608924.0, 6413148.0, 3608056.0, 6411940.0, 3608180.0, 6413108.0, 3607064.0, 6412492.0, 3606800.0, 6412748.0, 2215472.0, 6412404.0, 3606544.0, 6412876.0, 3611752.0, 6413528.0, 3611008.0, 6413540.0, 3607768.0, 6412716.0, 3607412.0, 6412600.0, 3607288.0, 6413488.0, 3607412.0, 6413868.0, 3606916.0, 6414052.0, 3606916.0, 6413556.0, 3606792.0, 6412932.0, 3606792.0, 6413596.0, 3606792.0, 6413232.0, 3606792.0, 6413356.0, 2217916.0, 6412832.0, 3070432.0, 6413248.0, 3608528.0, 6413632.0, 3612744.0, 6413272.0, 3611008.0, 6412924.0, 3611380.0, 6413468.0, 3611132.0, 6413848.0, 3610884.0, 6412752.0, 3609892.0, 6413720.0, 2738612.0, 6414240.0, 2210960.0, 6413284.0, 2210728.0, 6413180.0, 2219604.0, 6414168.0, 2220048.0, 6413600.0, 2219056.0, 6414652.0, 2219288.0, 6415040.0, 2219056.0, 6414804.0, 2218924.0, 6414204.0, 2218808.0, 6413976.0, 2218808.0, 6413984.0, 6414324.0, 2218784.0, 6413808.0, 2218536.0, 6415300.0, 2218032.0, 6414300.0, 2217280.0, 6414276.0, 2216668.0, 6414392.0, 2216684.0, 6414424.0, 2216536.0, 6417764.0, 2216420.0, 6412764.0, 2216544.0, 2216296.0, 6413516.0, 2216172.0, 6413760.0, 2216792.0, 6413872.0, 2216916.0, 6413488.0, 6414228.0, 2216916.0, 6413108.0, 2216792.0, 2216792.0, 6413008.0, 6413736.0, 2216216.0, 6414136.0, 2216784.0, 6414028.0, 2216776.0, 6413916.0, 2216660.0, 6414268.0, 2216668.0, 6414908.0, 2216536.0, 6414068.0, 2216420.0, 6413680.0, 2216420.0, 6413420.0, 2216412.0, 6413688.0, 2216412.0, 6413384.0, 2215800.0, 6413640.0, 2215800.0, 6414232.0, 2215916.0, 6414016.0, 2215552.0, 6414672.0, 2215544.0, 6414052.0, 2216296.0, 6415040.0, 2216156.0, 6414540.0, 2216164.0, 6415084.0, 2216164.0, 6415060.0, 2216288.0, 6414560.0, 2216040.0, 6413960.0, 2215536.0, 6413632.0, 2215544.0, 6414236.0, 2215108.0, 6409852.0, 2215320.0, 6411120.0, 2215328.0, 6411420.0, 2215320.0, 6411792.0, 2215320.0, 6411896.0, 2215436.0, 6412540.0, 2215312.0, 6411852.0, 2215320.0, 6412220.0, 2215304.0, 6412188.0, 2215180.0, 6411340.0, 2215180.0, 6411752.0, 2215188.0, 6411628.0, 2215064.0, 6410884.0, 2215180.0, 6410984.0, 2215056.0, 6410920.0, 2215064.0, 6411024.0, 2215064.0, 6412028.0, 2215064.0, 6411440.0, 2214560.0, 6411516.0, 2214436.0, 6411484.0, 2214552.0, 6411332.0, 2214436.0, 6411332.0, 2214436.0, 6411996.0, 2214436.0, 6412012.0, 2214304.0, 6413260.0, 0.0, 0.0, ]
X3 data: [8.8273369E7, -8.8273307E7, 8.8273433E7, -8.8273433E7, 8.8273539E7, -8.8273536E7, 8.8273662E7, -8.8273554E7, 8.8273671E7, -8.8273668E7, 8.8273774E7, -8.8273774E7, 8.82739E7, -8.8273897E7, 8.8274002E7, -8.8274002E7, 8.8274128E7, -8.8274125E7, 8.8274212E7, -8.8274182E7, 8.8274288E7, -8.8274288E7, 8.8274447E7, -8.8274444E7, 8.827455E7, -8.8274546E7, 8.8274675E7, -8.8274667E7, 8.8274775E7, -8.8274775E7, 8.8274881E7, -8.8274859E7, 8.8274995E7, -8.8274995E7, 8.8275082E7, -8.827507E7, 8.8275195E7, -8.8275195E7, 8.8275301E7, -8.8275278E7, 8.8275381E7, -8.8275381E7, 8.8275508E7, -8.8275498E7, 8.8275612E7, -8.8275608E7, 8.8275728E7, -8.827572E7, 8.8275825E7, -8.8275825E7, 8.8275934E7, -8.8275931E7, 8.8276058E7, -8.8276058E7, 8.8276147E7, -8.8276142E7, 8.8276267E7, -8.8276239E7, 8.8276348E7, -8.8276345E7, 8.8276451E7, -8.8276451E7, 8.8276578E7, -8.8276575E7, 8.8276685E7, -8.8276681E7, 8.8276808E7, -8.82768E7, 8.8276923E7, -8.8276923E7, 8.827703E7, -8.8277019E7, 8.8277141E7, -8.8277141E7, 8.827725E7, -8.8277229E7, 8.8277353E7, -8.8277353E7, 8.8277472E7, -8.8277467E7, 8.8277575E7, -8.8277554E7, 8.8277652E7, -8.8277649E7, 8.8277756E7, -8.8277752E7, 8.8277877E7, -8.8277869E7, 8.8277975E7, -8.8277975E7, 8.8278051E7, -8.8278048E7, 8.8278204E7, -8.8278204E7, 8.8278311E7, -8.8278308E7, 8.8278432E7, -8.8278432E7, 8.8278539E7, -8.8278536E7, 8.8278643E7, -8.8278643E7, 8.8278775E7, -8.8278772E7, 8.8278883E7, -8.8278882E7, 8.8278972E7, -8.8278965E7, 8.8279098E7, -8.8279087E7, 8.8279196E7, -8.8253389E7, 8.8253514E7, -8.8210585E7, 8.8210735E7, -8.8158062E7, 8.8158186E7, -8.8080616E7, 8.8080723E7, -8.800328E7, 8.8003593E7, -8.7931656E7, 8.7931763E7, -8.7854323E7, 8.7854464E7, -8.7776896E7, 8.7777001E7, -8.7754474E7, 8.7754581E7, -8.7754581E7, 8.7754703E7, -8.7754657E7, 8.7754764E7, -8.7754763E7, 8.7754895E7, -8.7754889E7, 8.7754994E7, -8.7754989E7, 8.7755184E7, -8.7755184E7, 8.7755313E7, -8.7755302E7, 8.7755412E7, -8.7755412E7, 8.775554E7, -8.7755536E7, 8.7755643E7, -8.7755643E7, 8.7755762E7, -8.7755758E7, 8.7755883E7, -8.7755879E7, 8.7755986E7, -8.7755966E7, 8.7756098E7, -8.7756083E7, 8.7756191E7, -8.7756191E7, 8.77563E7, -8.7756295E7, 8.7756419E7, -8.7756411E7, 8.775656E7, -8.775656E7, 8.7756688E7, -8.7756684E7, 8.7756789E7, -8.7756789E7, 8.7756896E7, -8.7756892E7, 8.7757018E7, -8.7757007E7, 8.7757128E7, -8.7757128E7, 8.775726E7, -8.7757256E7, 8.7757364E7, -8.7757349E7, 8.7757455E7, -8.7757446E7, 8.7757572E7, -8.7757572E7, 8.7757679E7, -8.7757675E7, 8.7757827E7, -8.7757827E7, 8.7757934E7, -8.7757923E7, 8.7758027E7, -8.7758027E7, 8.7758156E7, -8.7758152E7, 8.775826E7, -8.7758256E7, 8.7758396E7, -8.7758396E7, 8.7758501E7, -8.7758497E7, 8.7758606E7, -8.7758592E7, 8.7758715E7, -8.77587E7, 8.7758809E7, -8.77588E7, 8.775893E7, -8.7758924E7, 8.7759032E7, -8.7759032E7, 8.7759178E7, -8.7759174E7, 8.7759291E7, -8.7759288E7, 8.7759395E7, -8.7759342E7, 8.7759472E7, -8.7759113E7, 8.7759218E7, -8.7758918E7, 8.7759035E7, -8.7759035E7, 8.7759157E7, -8.7738463E7, 8.7738572E7, -8.769473E7, 8.7694859E7, -8.7655616E7, 8.7655707E7, -8.7599885E7, 8.7599992E7, -8.7551957E7, 8.7552075E7, -8.749992E7, 8.7500064E7, -8.7461935E7, 8.7462062E7, -8.7434236E7, 8.7434325E7, -8.7428725E7, 8.7428832E7, -8.7424781E7, 8.7424904E7, -8.7375027E7, 8.7375124E7, -8.7313682E7, 8.7313807E7, -8.7279002E7, 8.7279078E7, -8.7253815E7, 8.7253915E7, -8.7225554E7, 8.722567E7, -8.7200196E7, 8.7200281E7, -8.7185981E7, 8.7186113E7, -8.7166046E7, 8.7166128E7, -8.7152978E7, 8.715308E7, -8.7137497E7, 8.7137614E7, -8.7123437E7, 8.7123524E7, -8.7108994E7, 8.7109131E7, -8.7099247E7, 8.7099325E7, -8.7099321E7, 8.7099424E7, -8.7083409E7, 8.7083525E7, -8.7026665E7, 8.7026746E7, -8.69871E7, 8.6987226E7, -8.6929263E7, 8.6929336E7, -8.6873927E7, 8.6874055E7, -8.6828181E7, 8.6828299E7, -8.6793655E7, 8.6793736E7, -8.6768966E7, 8.6769091E7, -8.6769091E7, 8.6769168E7, -8.6768829E7, 8.6768933E7, -8.6768769E7, 8.6768888E7, -8.6768815E7, 8.6768893E7, -8.6768888E7, 8.6769014E7, -8.6769014E7, 8.6769089E7, -8.6769086E7, 8.6769175E7, -8.6769175E7, 8.6769294E7, -8.6769291E7, 8.6769409E7, -8.6769409E7, 8.6769532E7, 78.0, -8.6769607E7, 8.6769688E7, -8.6769688E7, 8.6769804E7, -8.6769768E7, 8.6769858E7, -8.6769735E7, 8.6769857E7, -8.6769857E7, 8.6769933E7, -8.6769925E7, 8.6770002E7, -8.6770002E7, 8.6770282E7, -8.6770277E7, 8.6770389E7, -8.6770389E7, 3.0, 8.6770555E7, -8.6770555E7, 8.6770631E7, -8.6770628E7, 8.6770733E7, -8.6770733E7, 8.6770809E7, 77.0, -8.6770883E7, 8.6770986E7, -8.6770981E7, 4.0, 8.6771055E7, 98.0, -8.6771124E7, 8.6771201E7, -8.6771201E7, 8.6771279E7, -8.6771264E7, 8.677136E7, -8.677136E7, 8.6771442E7, -8.6771439E7, 8.6771568E7, -8.6771568E7, 8.677165E7, -8.6771647E7, 8.6771726E7, -8.6771726E7, 8.6771823E7, -8.677182E7, 8.6771902E7, -8.6771902E7, 8.6772012E7, -8.6772005E7, 8.6772085E7, -8.6772085E7, 8.6772164E7, -8.6772154E7, 8.6772248E7, -8.6772248E7, 8.6772329E7, -8.6772311E7, 8.6772406E7, -8.6772406E7, 8.6772485E7, -8.6772482E7, 8.67726E7, -8.67726E7, 8.6772696E7, -8.6772693E7, 8.6772772E7, -8.6772772E7, 8.6772871E7, -8.677286E7, 8.6772938E7, -8.6772938E7, 8.6773037E7, -8.6773034E7, 8.6773132E7, -8.6773132E7, 8.6773213E7, -8.6773192E7, 8.6773292E7, -8.6773273E7, 8.6773352E7, -8.6773345E7, 8.6773424E7, -8.6773424E7, 8.6773532E7, -8.6773529E7, 8.6773608E7, -8.6773608E7, 8.6773704E7, -8.6773692E7, 8.6773772E7, -8.6773772E7, 8.6773853E7, -8.6773848E7, 8.6773959E7, -8.6773959E7, 8.6774037E7, -8.6774034E7, 8.6774136E7, -8.6774136E7, 8.6774215E7, -8.6774212E7, 8.6774291E7, -8.6774286E7, 8.677439E7, -8.6774387E7, 8.6774466E7, -8.6774466E7, 8.677459E7, -8.6774587E7, 8.6774665E7, -8.6774665E7, 8.6774748E7, -8.6774737E7, 8.6774839E7, -8.6774839E7, 8.677492E7, -8.6774917E7, 8.6775025E7, -8.6775025E7, 8.6775108E7, -8.6775105E7, 8.6775185E7, -8.677518E7, 8.6775277E7, -8.6775275E7, 0.0, 0.0, ]
X4 data: [1.503221492894E12, -1.503221492858E12, 1.503221528194E12, -1.503221528194E12, 1.503221563646E12, 35128.0, -1.503221598774E12, 0.0, 1.503221634006E12, -1.503221634006E12, 1.503221669086E12, 34972.0, -1.503221704058E12, 0.0, 1.503221739188E12, -1.503221739188E12, 1.503221774686E12, -1.503221774686E12, 1.503221809826E12, 35564.0, -1.50322184539E12, 0.0, 1.503221880518E12, -1.503221880518E12, 1.503221915554E12, 35128.0, -1.503221950682E12, 0.0, 1.503221985462E12, -1.503221985462E12, 1.503222020286E12, -1.503222020286E12, 1.503222055382E12, 35486.0, -1.503222090868E12, 0.0, 1.503222125792E12, -1.503222125792E12, 1.50322216106E12, 34894.0, -1.503222195954E12, 36.0, 1.50322223123E12, -1.50322223123E12, 1.503222266006E12, 35172.0, -1.503222301178E12, 0.0, 1.503222336446E12, -1.503222336446E12, 1.503222371676E12, -1.503222371676E12, 1.503222406468E12, -1.503222406468E12, 1.503222441606E12, -1.503222441606E12, 1.503222476742E12, -1.503222476742E12, 1.50322251201E12, -1.50322251201E12, 1.503222546154E12, -1.503222546154E12, 1.503222581386E12, -1.503222581386E12, 1.503222616086E12, -1.503222616086E12, 1.503222651294E12, -1.503222651294E12, 1.503222686306E12, -1.503222686306E12, 1.503222721592E12, -1.503222721592E12, 1.503222756918E12, -1.503222756918E12, 1.503222792526E12, -1.503222792526E12, 1.503222827884E12, -1.503222827884E12, 1.503222863432E12, -1.503222863432E12, 1.503222898632E12, -1.503222898596E12, 1.503222933164E12, -1.503222933164E12, 1.50322296782E12, -1.50322296782E12, 1.503223003116E12, -1.503223003116E12, 1.503223038352E12, -1.503223038352E12, 1.503223073484E12, -1.503223073484E12, 1.503223108242E12, -1.503223108242E12, 1.503223143372E12, -1.503223143372E12, 1.503223178668E12, -1.503223178668E12, 1.503223212646E12, -1.503223212646E12, 1.503223248052E12, -1.503223248052E12, 1.50322328325E12, -1.50322328325E12, 1.503223318646E12, -1.503223318646E12, 1.50322335343E12, -1.50322335343E12, 1.503223388298E12, -1.503223388298E12, 1.50322342306E12, -1.50322342306E12, 1.50322345826E12, -1.50322345826E12, 1.503223493864E12, -1.503223493864E12, 1.503223528886E12, -1.503223528886E12, 1.503223563644E12, -1.503223563644E12, 1.503223603282E12, -1.503223603246E12, 1.503223638482E12, -1.503223638482E12, 1.503223673734E12, -1.503223673734E12, 1.503223708284E12, -1.503223708284E12, 1.503223743468E12, -1.503223743468E12, 1.50322377856E12, -1.50322377856E12, 1.503223813952E12, -1.503223813952E12, 1.503223849456E12, -1.503223849456E12, 1.503223884484E12, -1.503223884484E12, 1.503223919302E12, -1.503223919302E12, 1.50322395429E12, -1.50322395429E12, 1.503223989478E12, -1.503223989478E12, 1.503224024366E12, -1.503224024366E12, 1.50322405955E12, -1.50322405955E12, 1.503224094486E12, -1.503224094486E12, 1.50322413015E12, -1.50322413015E12, 1.503224165586E12, -1.503224165586E12, 1.503224201108E12, -1.503224201108E12, 1.503224236398E12, -1.503224236398E12, 1.503224270914E12, -1.503224270914E12, 1.503224306168E12, -1.503224306132E12, 1.503224341E12, -1.503224341E12, 1.503224376338E12, -1.503224376338E12, 1.5032244111E12, -1.5032244111E12, 1.503224446494E12, -1.503224446494E12, 1.50322448143E12, -1.50322448143E12, 1.503224516722E12, -1.503224516722E12, 1.50322455145E12, -1.50322455145E12, 1.503224586212E12, -1.503224586212E12, 1.503224621602E12, -1.503224621602E12, 1.503224656282E12, -1.503224656282E12, 1.5032246912E12, -1.5032246912E12, 1.503224725616E12, -1.503224725616E12, 1.503224760538E12, -1.503224760538E12, 1.503224795318E12, -1.503224795318E12, 1.503224830518E12, 35436.0, -1.503224865954E12, 0.0, 1.503224901686E12, -1.503224901686E12, 1.503224936136E12, -1.503224936136E12, 1.503224970758E12, 34988.0, -1.503225005746E12, 36.0, 1.503225041408E12, -1.503225041408E12, 1.503225076296E12, 34918.0, -1.503225111214E12, 0.0, 1.503225145998E12, -1.503225145998E12, 1.503225181462E12, 34918.0, -1.50322521638E12, 0.0, 1.503225251106E12, -1.503225251106E12, 1.503225286024E12, 34990.0, -1.503225321014E12, 0.0, 1.503225356054E12, -1.503225356054E12, 1.503225390974E12, -1.503225390974E12, 1.503225426334E12, 34654.0, -1.503225460988E12, 0.0, 1.503225496382E12, -1.503225496382E12, 1.503225531518E12, 35026.0, -1.503225566544E12, 0.0, 1.50322560154E12, -1.50322560154E12, 1.503225636144E12, -1.503225636144E12, 1.503225671116E12, 34832.0, -1.503225705948E12, 36.0, 1.503225740988E12, -1.503225740988E12, 1.503225775954E12, 34864.0, -1.503225810818E12, 0.0, 1.503225845646E12, -1.503225845646E12, 1.503225880534E12, -1.503225880534E12, 1.503225915138E12, 34802.0, -1.50322594994E12, 0.0, 1.503225985578E12, -1.503225985578E12, 1.503226019866E12, 34990.0, -1.503226054856E12, 0.0, 1.503226089828E12, -1.503226089828E12, 1.503226124852E12, 35394.0, -1.503226160246E12, 0.0, 1.503226195394E12, -1.503226195394E12, 1.503226230906E12, 34970.0, -1.503226265876E12, 0.0, 1.50322630124E12, -1.50322630124E12, 1.503226336634E12, -1.503226336634E12, 1.50322637089E12, 35192.0, -1.503226406082E12, 36.0, 1.503226441584E12, -1.503226441584E12, 1.50322647668E12, 35290.0, -1.50322651197E12, 0.0, 1.503226546958E12, -1.503226546958E12, 1.503226582052E12, -1.50258907938E12, 1.502589113672E12, 35198.0, -1.501726744302E12, 9.97261672E8, 1.500729517388E12, -1.499732159092E12, 1.49973219398E12, 34886.0, -1.498735212826E12, 9.97797024E8, 1.497737450934E12, -1.496738779486E12, 1.496738814352E12, 34660.0, -1.495710700148E12, 9.98130104E8, 1.4947126043E12, 34832.0, -1.493715824036E12, 1.493715858744E12, -1.4927455682E12, 9.57077448E8, 1.491788526152E12, 34762.0, -1.490829054842E12, 1.490829089604E12, -1.489870235092E12, 8.95500872E8, 1.488974772602E12, 35040.0, -1.48808974335E12, 8.88563288E8, 1.487201214628E12, 34552.0, -1.486311825884E12, 6.9312348E8, 1.485618737132E12, -1.484859897116E12, 1.484859932248E12, 35390.0, -1.484101452814E12, 7.583286E8, 1.483343159094E12, -1.482519579494E12, 1.482519614044E12, 34464.0, -1.482021712516E12, 6.64058504E8, 1.481357688832E12, 35662.0, -1.480579296238E12, 1.480579331598E12, -1.47980235931E12, 1.4798023946E12, -1.479024226464E12, 7.78202232E8, 1.478246059524E12, 35434.0, -1.477463632294E12, 1.477463667548E12, -1.476684498468E12, 7.6773324E8, 1.475916800694E12, 34450.0, -1.475056277608E12, 1.475056312544E12, -1.474295874752E12, 1.474295910044E12, -1.47353507286E12, 7.62349084E8, 1.472772758296E12, 34832.0, -1.471841471728E12, 1.471841506224E12, -1.470728177432E12, 1.065691416E9, 1.469662521214E12, 34922.0, -1.468540719264E12, 1.46854075456E12, -1.467435081056E12, 1.105004424E9, 1.466330111304E12, 35066.0, -1.465224513994E12, 1.465224548354E12, -1.464118799962E12, 1.107310192E9, 1.463011525102E12, 35048.0, -1.461899532806E12, 1.461899568166E12, -1.460799550518E12, 1.460799585336E12, -1.4605340624E12, 7.81402128E8, 1.459752695424E12, 35396.0, -1.45897083558E12, 1.458970870362E12, -1.458190565858E12, 7.80782488E8, 1.457409818366E12, 35184.0, -1.456629005286E12, 1.456629040484E12, -1.455849435244E12, 1.455849470168E12, -1.45505133392E12, 7.81072836E8, 1.45427029618E12, 34784.0, -1.453488962348E12, 1.453488997268E12, -1.452705576116E12, 7.84345064E8, 1.451921266246E12, 35188.0, -1.451136064042E12, 1.451136099242E12, -1.450326977786E12, 1.450327012882E12, -1.449449163602E12, 8.99490656E8, 1.448549707972E12, 34832.0, -1.44770178518E12, 1.44770182057E12, -1.446652452066E12, 9.9710736E8, 1.445655379328E12, 34880.0, -1.444656960816E12, 1.444656995948E12, -1.44365987062E12, 9.98055408E8, 1.442661850468E12, 35172.0, -1.44166296628E12, 1.441663001272E12, -1.440643391272E12, 1.440643426636E12, -1.439646690524E12, 0.0, 0.0, ]
Y data: [128.0, 117.0, 146.0, 117.0, 199.0, 117.0, 190.0, 117.0, 117.0, 218.0, 218.0, 117.0, 190.0, 117.0, 208.0, 117.0, 218.0, 117.0, 117.0, 199.0, 218.0, 117.0, 152.0, 117.0, 218.0, 117.0, 208.0, 117.0, 218.0, 117.0, 208.0, 117.0, 182.0, 117.0, 117.0, 218.0, 218.0, 117.0, 139.0, 117.0, 182.0, 117.0, 218.0, 117.0, 218.0, 117.0, 218.0, 117.0, 208.0, 117.0, 218.0, 117.0, 218.0, 117.0, 117.0, 182.0, 218.0, 117.0, 152.0, 117.0, 218.0, 117.0, 208.0, 117.0, 218.0, 117.0, 218.0, 117.0, 199.0, 117.0, 218.0, 117.0, 218.0, 117.0, 133.0, 117.0, 117.0, 182.0, 218.0, 117.0, 208.0, 117.0, 199.0, 117.0, 218.0, 117.0, 208.0, 117.0, 218.0, 117.0, 117.0, 182.0, 218.0, 117.0, 152.0, 117.0, 208.0, 117.0, 208.0, 117.0, 208.0, 117.0, 208.0, 117.0, 208.0, 117.0, 117.0, 199.0, 218.0, 117.0, 146.0, 117.0, 139.0, 117.0, 139.0, 117.0, 152.0, 117.0, 139.0, 117.0, 146.0, 117.0, 146.0, 117.0, 133.0, 117.0, 152.0, 117.0, 152.0, 117.0, 139.0, 117.0, 146.0, 117.0, 146.0, 117.0, 146.0, 117.0, 146.0, 117.0, 133.0, 117.0, 146.0, 117.0, 146.0, 117.0, 146.0, 117.0, 146.0, 117.0, 146.0, 117.0, 146.0, 117.0, 139.0, 117.0, 146.0, 117.0, 146.0, 117.0, 146.0, 117.0, 146.0, 117.0, 146.0, 117.0, 146.0, 117.0, 146.0, 117.0, 139.0, 117.0, 146.0, 117.0, 146.0, 117.0, 146.0, 117.0, 146.0, 117.0, 146.0, 117.0, 146.0, 117.0, 133.0, 117.0, 146.0, 117.0, 146.0, 117.0, 146.0, 117.0, 146.0, 117.0, 146.0, 117.0, 146.0, 117.0, 146.0, 117.0, 139.0, 117.0, 146.0, 117.0, 146.0, 117.0, 146.0, 117.0, 146.0, 117.0, 146.0, 117.0, 146.0, 117.0, 133.0, 117.0, 133.0, 117.0, 146.0, 117.0, 133.0, 117.0, 139.0, 117.0, 133.0, 117.0, 133.0, 117.0, 133.0, 117.0, 133.0, 117.0, 133.0, 117.0, 133.0, 117.0, 133.0, 117.0, 133.0, 117.0, 133.0, 117.0, 133.0, 117.0, 133.0, 117.0, 133.0, 117.0, 133.0, 117.0, 133.0, 117.0, 133.0, 117.0, 133.0, 117.0, 133.0, 117.0, 133.0, 117.0, 133.0, 117.0, 133.0, 117.0, 133.0, 117.0, 133.0, 117.0, 133.0, 117.0, 146.0, 117.0, 133.0, 117.0, 133.0, 117.0, 133.0, 117.0, 133.0, 117.0, 133.0, 117.0, 133.0, 117.0, 133.0, 117.0, 139.0, 117.0, 133.0, 117.0, 133.0, 117.0, 133.0, 117.0, 159.0, 117.0, 159.0, 117.0, 159.0, 117.0, 159.0, 117.0, 159.0, 117.0, 159.0, 117.0, 159.0, 117.0, 159.0, 117.0, 159.0, 117.0, 159.0, 117.0, 146.0, 117.0, 146.0, 117.0, 146.0, 117.0, 146.0, 117.0, 159.0, 117.0, 159.0, 112.0, 159.0, 112.0, 159.0, 112.0, 159.0, 117.0, 159.0, 117.0, 159.0, 117.0, 152.0, 117.0, 159.0, 117.0, 146.0, 117.0, 159.0, 117.0, 159.0, 117.0, 159.0, 117.0, 159.0, 117.0, 159.0, 117.0, 159.0, 117.0, 159.0, 117.0, 152.0, 117.0, 159.0, 117.0, 159.0, 117.0, 159.0, 117.0, 159.0, 117.0, 146.0, 117.0, 146.0, 117.0, 146.0, 117.0, 146.0, 117.0, 146.0, 117.0, 146.0, 117.0, 146.0, 117.0, 146.0, 117.0, 146.0, 117.0, 146.0, 117.0, 133.0, 117.0, 159.0, 117.0, 159.0, 117.0, 159.0, 117.0, 159.0, 117.0, 159.0, 117.0, 159.0, 117.0, 159.0, 117.0, 159.0, 117.0, 159.0, 117.0, 159.0, 117.0, 159.0, 112.0, 159.0, 112.0, 159.0, 112.0, 159.0, 117.0, 159.0, 117.0, 159.0, 117.0, 146.0, 117.0, 159.0, 112.0, 159.0, 112.0, 159.0, 117.0, 159.0, 117.0, 159.0, 117.0, 159.0, 117.0, 159.0, 0.0, 0.0, ]
Testing... weights: [70.04259080221873, 5.277815812600793, 1.306334631074613E-5, 2.6168431545276625E-7, 1.837166074923132E-12, 
Power model: y = 70.04259080221873 + 5.277815812600793x1 + 1.306334631074613E-5x2 + 2.6168431545276625E-7x3 + 1.837166074923132E-12x4...So Power Model: y = 70.04259080221873 + 5.277815812600793*CPU + 1.306334631074613E-5*MEMORY + 2.6168431545276625E-7*HDD + 1.837166074923132E-12*NET
Using power model....
Predicted: 134.43735254071888, actual: 128.0, error: 5.029181672436622
Predicted: 128.041298933957, actual: 117.0, error: 9.43700763586068
Predicted: 165.01308112353658, actual: 146.0, error: 13.022658303792179
Predicted: 128.0423232232422, actual: 117.0, error: 9.437883096788198
Predicted: 170.42604564144312, actual: 199.0, error: -14.35877103445069
Predicted: 130.8012534908679, actual: 117.0, error: 11.795943154587956
Predicted: 172.7173431518153, actual: 190.0, error: -9.096135183255106
Predicted: 130.738978565391, actual: 117.0, error: 11.742716722556406
Predicted: 182.18118759083728, actual: 117.0, error: 55.71041674430537
Predicted: 128.0508378261284, actual: 218.0, error: -41.261083565996145
Predicted: 166.27513178206297, actual: 218.0, error: -23.727003769695884
Predicted: 131.07617968348677, actual: 117.0, error: 12.03092280639895
Predicted: 165.80227537319143, actual: 190.0, error: -12.735644540425561
Predicted: 131.01245532716445, actual: 117.0, error: 11.976457544584997
Predicted: 185.83923644073266, actual: 208.0, error: -10.654213249647757
Predicted: 128.04566858233866, actual: 117.0, error: 9.440742378067233
Predicted: 168.9955334862055, actual: 218.0, error: -22.479113079722254
Predicted: 128.12056985143153, actual: 117.0, error: 9.504760556779082
Predicted: 190.4790928347606, actual: 117.0, error: 62.80264344851333
Predicted: 131.34628024405683, actual: 199.0, error: -33.99684409846391
Predicted: 134.21162087627238, actual: 218.0, error: -38.4350362952879
Predicted: 130.95760500455714, actual: 117.0, error: 11.929576926971913
Predicted: 181.9764942295432, actual: 152.0, error: 19.721377782594203
Predicted: 128.0678711854316, actual: 117.0, error: 9.459718961907363
Predicted: 187.822685523485, actual: 218.0, error: -13.84280480574082
Predicted: 131.02352003640698, actual: 117.0, error: 11.985914561031604
Predicted: 192.5217822652845, actual: 208.0, error: -7.441450833997844
Predicted: 130.8313099402826, actual: 117.0, error: 11.821632427591974
Predicted: 201.90735874239778, actual: 218.0, error: -7.381945531010195
Predicted: 128.39439086230016, actual: 117.0, error: 9.738795608803553
Predicted: 165.24598590530044, actual: 208.0, error: -20.554814468605556
Predicted: 128.18682398807903, actual: 117.0, error: 9.561388023999168
Predicted: 180.96756965353643, actual: 182.0, error: -0.5672694211338299
Predicted: 131.01384017130758, actual: 117.0, error: 11.977641172057758
Predicted: 190.90142618593245, actual: 117.0, error: 63.16361212472859
Predicted: 131.2808898060507, actual: 218.0, error: -39.779408345848296
Predicted: 131.68008719675288, actual: 218.0, error: -39.59629027671887
Predicted: 128.06417997100507, actual: 117.0, error: 9.456564077782115
Predicted: 147.62144267938362, actual: 139.0, error: 6.202476747757999
Predicted: 130.8719219791774, actual: 117.0, error: 11.856343571946484
Predicted: 180.54237511883116, actual: 182.0, error: -0.800892791851011
Predicted: 131.01182732736, actual: 117.0, error: 11.975920792615392
Predicted: 182.62437932341848, actual: 218.0, error: -16.227348934211705
Predicted: 128.25509189554106, actual: 117.0, error: 9.619736662855603
Predicted: 184.56061703082952, actual: 218.0, error: -15.339166499619486
Predicted: 130.95664442811264, actual: 117.0, error: 11.928755921463795
Predicted: 176.93210296361562, actual: 218.0, error: -18.838484879075406
Predicted: 131.0180396693456, actual: 117.0, error: 11.981230486620168
Predicted: 172.63019320815036, actual: 208.0, error: -17.004714803773865
Predicted: 128.13289217013138, actual: 117.0, error: 9.515292453103747
Predicted: 187.48395502266226, actual: 218.0, error: -13.998185769420981
Predicted: 128.07056410824507, actual: 117.0, error: 9.462020605337662
Predicted: 144.92302386523622, actual: 218.0, error: -33.52154868567146
Predicted: 128.07012666689164, actual: 117.0, error: 9.461646723839008
Predicted: 190.4629837780885, actual: 117.0, error: 62.78887502400726
Predicted: 128.43997328515962, actual: 182.0, error: -29.42858610705515
Predicted: 137.69717000376738, actual: 218.0, error: -36.836160548730554
Predicted: 128.19287652810644, actual: 117.0, error: 9.566561135133709
Predicted: 178.75109236523005, actual: 152.0, error: 17.599402871861873
Predicted: 128.25784817604523, actual: 117.0, error: 9.622092458158315
Predicted: 188.34519107715275, actual: 218.0, error: -13.603123359104243
Predicted: 128.20167788486233, actual: 117.0, error: 9.5740836622755
Predicted: 201.75124146341315, actual: 208.0, error: -3.004210834897523
Predicted: 128.1362849206606, actual: 117.0, error: 9.518192239880843
Predicted: 213.39721780366003, actual: 218.0, error: -2.111367979972465
Predicted: 128.26603745867837, actual: 117.0, error: 9.629091845024247
Predicted: 178.95582769846024, actual: 218.0, error: -17.910170780522826
Predicted: 128.32648692560977, actual: 117.0, error: 9.680758056076726
Predicted: 182.22468361406638, actual: 199.0, error: -8.429807229112372
Predicted: 128.131715890453, actual: 117.0, error: 9.51428708585726
Predicted: 196.69490183041293, actual: 218.0, error: -9.772980811737188
Predicted: 128.39359865890628, actual: 117.0, error: 9.738118511885714
Predicted: 131.68070210068453, actual: 218.0, error: -39.596008210695175
Predicted: 128.13792857264895, actual: 117.0, error: 9.519597070640124
Predicted: 153.0319659276985, actual: 133.0, error: 15.061628517066547
Predicted: 128.14522150007187, actual: 117.0, error: 9.525830341941768
Predicted: 186.04313396794046, actual: 117.0, error: 59.01122561362433
Predicted: 128.2968997285446, actual: 182.0, error: -29.507197951349127
Predicted: 173.81927717323546, actual: 218.0, error: -20.266386617781897
Predicted: 128.33521528167407, actual: 117.0, error: 9.688218189465015
Predicted: 153.0426250561847, actual: 208.0, error: -26.421814876834276
Predicted: 128.27726126252725, actual: 117.0, error: 9.638684839766878
Predicted: 187.51952729823768, actual: 199.0, error: -5.76908175967956
Predicted: 128.33962210928115, actual: 117.0, error: 9.69198470878731
Predicted: 173.0959538712708, actual: 218.0, error: -20.5981862975822
Predicted: 128.3304697448353, actual: 117.0, error: 9.684162175072917
Predicted: 185.6869482340422, actual: 208.0, error: -10.727428733633555
Predicted: 128.14463560813925, actual: 117.0, error: 9.525329579606199
Predicted: 157.20559508449, actual: 218.0, error: -27.887341704362385
Predicted: 128.27148914139667, actual: 117.0, error: 9.633751402903137
Predicted: 190.4786366676104, actual: 117.0, error: 62.80225356206017
Predicted: 128.53704464765414, actual: 182.0, error: -29.375250193596624
Predicted: 136.08773318273865, actual: 218.0, error: -37.574434319844656
Predicted: 128.19613606541037, actual: 117.0, error: 9.569347064453309
Predicted: 173.1526684270715, actual: 152.0, error: 13.916229228336508
Predicted: 128.2704795763186, actual: 117.0, error: 9.632888526768028
Predicted: 182.66744863599945, actual: 208.0, error: -12.179111232692573
Predicted: 128.13440305399953, actual: 117.0, error: 9.51658380683721
Predicted: 190.70708604852263, actual: 208.0, error: -8.313900938210276
Predicted: 128.13428789876716, actual: 117.0, error: 9.51648538356167
Predicted: 201.59824943778682, actual: 208.0, error: -3.0777646933717215
Predicted: 128.32558551799087, actual: 117.0, error: 9.679987622214421
Predicted: 185.03284131420548, actual: 208.0, error: -11.041903214324286
Predicted: 128.26888552112447, actual: 117.0, error: 9.631526086431174
Predicted: 157.30170637881173, actual: 208.0, error: -24.374179625571283
Predicted: 128.0702671564709, actual: 117.0, error: 9.461766800402472
Predicted: 196.5424132701534, actual: 117.0, error: 67.9849686069687
Predicted: 128.40692351567776, actual: 199.0, error: -35.47390778106645
Predicted: 132.1212246827826, actual: 218.0, error: -39.393933631751096
Predicted: 128.27475152090096, actual: 117.0, error: 9.636539761453815
Predicted: 131.56628363823168, actual: 146.0, error: -9.886107097101588
Predicted: 128.34419305565547, actual: 117.0, error: 9.695891500560228
Predicted: 129.987178797176, actual: 139.0, error: -6.484044030808633
Predicted: 128.30044994343905, actual: 117.0, error: 9.658504225161579
Predicted: 137.3738329734891, actual: 139.0, error: -1.169904335619352
Predicted: 128.56462546650258, actual: 117.0, error: 9.884295270515024
Predicted: 142.58370023003823, actual: 152.0, error: -6.194934059185373
Predicted: 128.2620412305086, actual: 117.0, error: 9.625676265391967
Predicted: 149.13994688605084, actual: 139.0, error: 7.29492581730276
Predicted: 128.2796400014709, actual: 117.0, error: 9.640717949975135
Predicted: 154.10873160644624, actual: 146.0, error: 5.553925757839892
Predicted: 128.42315535576637, actual: 117.0, error: 9.763380645954161
Predicted: 153.14066485667323, actual: 146.0, error: 4.890866340187141
Predicted: 128.3913824009554, actual: 117.0, error: 9.73622427432085
Predicted: 156.9520354317051, actual: 133.0, error: 18.00904919677075
Predicted: 128.399991262775, actual: 117.0, error: 9.743582275876058
Predicted: 156.35646237702915, actual: 152.0, error: 2.8660936690981225
Predicted: 128.4637926201256, actual: 117.0, error: 9.79811335053469
Predicted: 152.73855825243515, actual: 152.0, error: 0.4858935871283913
Predicted: 128.40462879230077, actual: 117.0, error: 9.747545976325444
Predicted: 156.60810268559422, actual: 139.0, error: 12.66769977380879
Predicted: 128.33580620058885, actual: 117.0, error: 9.688723248366538
Predicted: 156.70391383094397, actual: 146.0, error: 7.331447829413682
Predicted: 128.39891155651915, actual: 117.0, error: 9.742659450016369
Predicted: 156.5965238019437, actual: 146.0, error: 7.257893015029934
Predicted: 128.4106877841336, actual: 117.0, error: 9.752724601823576
Predicted: 156.68445812696524, actual: 146.0, error: 7.3181220047707125
Predicted: 128.53185102847775, actual: 117.0, error: 9.85628293032286
Predicted: 152.68756030696076, actual: 146.0, error: 4.5805207581923035
Predicted: 128.41314473557264, actual: 117.0, error: 9.7548245603185
Predicted: 155.7526634479422, actual: 133.0, error: 17.10726575033249
Predicted: 128.52872039582564, actual: 117.0, error: 9.853607175919354
Predicted: 155.73183417129357, actual: 146.0, error: 6.6656398433517605
Predicted: 128.408199263657, actual: 117.0, error: 9.750597661245296
Predicted: 155.74063995134125, actual: 146.0, error: 6.671671199548802
Predicted: 128.39746906684346, actual: 117.0, error: 9.741426552857654
Predicted: 155.7555178930971, actual: 146.0, error: 6.6818615706144575
Predicted: 128.40922253110688, actual: 117.0, error: 9.751472248809296
Predicted: 156.1371689568824, actual: 146.0, error: 6.943266408823555
Predicted: 128.472319404111, actual: 117.0, error: 9.805401200094877
Predicted: 155.67395481672142, actual: 146.0, error: 6.625996449809192
Predicted: 128.3984099223739, actual: 117.0, error: 9.742230702883676
Predicted: 155.88578244440214, actual: 146.0, error: 6.771083866028863
Predicted: 128.47139611492943, actual: 117.0, error: 9.804612064042251
Predicted: 156.18036269557263, actual: 139.0, error: 12.359973162282465
Predicted: 128.47509904924786, actual: 117.0, error: 9.80777696516911
Predicted: 156.46719180030922, actual: 146.0, error: 7.1693094522665906
Predicted: 128.40765529838467, actual: 117.0, error: 9.75013273366211
Predicted: 156.12013035725735, actual: 146.0, error: 6.931596135107776
Predicted: 128.60833635280173, actual: 117.0, error: 9.92165500239464
Predicted: 156.42851556471828, actual: 146.0, error: 7.142818879944028
Predicted: 128.41482123030252, actual: 117.0, error: 9.756257461797027
Predicted: 156.124628407854, actual: 146.0, error: 6.934676991680824
Predicted: 128.61850599721498, actual: 117.0, error: 9.93034700616665
Predicted: 156.4124842966621, actual: 146.0, error: 7.131838559357593
Predicted: 128.61168308734761, actual: 117.0, error: 9.924515459271465
Predicted: 156.1378376039111, actual: 146.0, error: 6.943724386240476
Predicted: 128.6027818189972, actual: 117.0, error: 9.916907537604432
Predicted: 152.65712752836947, actual: 146.0, error: 4.559676389294158
Predicted: 128.40108470467092, actual: 117.0, error: 9.744516841599077
Predicted: 157.0247008078348, actual: 139.0, error: 12.967410653118556
Predicted: 128.5388806928284, actual: 117.0, error: 9.862291190451623
Predicted: 157.1367664230451, actual: 146.0, error: 7.6279222075651285
Predicted: 128.41317012097272, actual: 117.0, error: 9.754846257241644
Predicted: 156.49466044490117, actual: 146.0, error: 7.188123592398063
Predicted: 128.40762546985405, actual: 117.0, error: 9.7501072391915
Predicted: 156.87636751024803, actual: 146.0, error: 7.449566787841117
Predicted: 128.5387257063892, actual: 117.0, error: 9.86215872340956
Predicted: 156.68414352172098, actual: 146.0, error: 7.317906521726701
Predicted: 128.41377948251602, actual: 117.0, error: 9.75536707907352
Predicted: 157.18886684020862, actual: 146.0, error: 7.663607424800424
Predicted: 128.39736499775222, actual: 117.0, error: 9.741337604916428
Predicted: 154.01751356214405, actual: 146.0, error: 5.491447645304142
Predicted: 128.40661618101535, actual: 117.0, error: 9.74924459915842
Predicted: 157.42122877743898, actual: 133.0, error: 18.361826148450362
Predicted: 128.5500236428022, actual: 117.0, error: 9.87181507931811
Predicted: 156.62297256025403, actual: 146.0, error: 7.276008602913716
Predicted: 128.37412470535926, actual: 117.0, error: 9.72147410714467
Predicted: 156.88537240325, actual: 146.0, error: 7.455734522773964
Predicted: 128.3794921883905, actual: 117.0, error: 9.726061699479049
Predicted: 156.82503009841292, actual: 146.0, error: 7.414404176995154
Predicted: 131.24655666476136, actual: 117.0, error: 12.17654415791569
Predicted: 151.0896384420031, actual: 146.0, error: 3.486053727399378
Predicted: 131.17288085936158, actual: 117.0, error: 12.11357338406973
Predicted: 156.7561664523274, actual: 146.0, error: 7.367237296114652
Predicted: 128.30701026948495, actual: 117.0, error: 9.664111341440126
Predicted: 157.08979924790611, actual: 146.0, error: 7.5957529095247365
Predicted: 128.29602719430787, actual: 117.0, error: 9.654724097699033
Predicted: 152.6493721902258, actual: 146.0, error: 4.554364513853281
Predicted: 131.11357230730331, actual: 117.0, error: 12.062882313934457
Predicted: 151.1894544005948, actual: 139.0, error: 8.76939165510417
Predicted: 131.24845107874526, actual: 117.0, error: 12.17816331516689
Predicted: 156.71856667323863, actual: 146.0, error: 7.341484022766183
Predicted: 128.36836849679068, actual: 117.0, error: 9.716554270761264
Predicted: 156.35575671378402, actual: 146.0, error: 7.092984050536999
Predicted: 131.13096419789923, actual: 117.0, error: 12.077747177691652
Predicted: 151.19365694755382, actual: 146.0, error: 3.5572992791464517
Predicted: 131.12073298589118, actual: 117.0, error: 12.069002552043743
Predicted: 156.7311369916636, actual: 146.0, error: 7.350093829906568
Predicted: 128.35459352360326, actual: 117.0, error: 9.704780789404492
Predicted: 156.5380006756, actual: 146.0, error: 7.2178086819178
Predicted: 131.1123451071863, actual: 117.0, error: 12.061833424945544
Predicted: 119.66027082835984, actual: 146.0, error: -18.040910391534354
Predicted: 131.0554616491189, actual: 117.0, error: 12.013215084717018
Predicted: 124.48638326593644, actual: 133.0, error: -6.401215589521474
Predicted: 128.48075333350525, actual: 117.0, error: 9.812609686756621
Predicted: 127.87602039204558, actual: 133.0, error: -3.8526162465822744
Predicted: 131.05386432565865, actual: 117.0, error: 12.0118498509903
Predicted: 119.07970622887656, actual: 146.0, error: -18.438557377481807
Predicted: 131.12001412927427, actual: 117.0, error: 12.068388144678861
Predicted: 145.6189293629351, actual: 133.0, error: 9.487916814236911
Predicted: 128.49315887543497, actual: 117.0, error: 9.823212714046985
Predicted: 142.86658143875977, actual: 139.0, error: 2.7817132652947962
Predicted: 128.30581993178913, actual: 117.0, error: 9.663093958794128
Predicted: 142.88440439297665, actual: 133.0, error: 7.431883002238083
Predicted: 131.14673766360167, actual: 117.0, error: 12.091228772309119
Predicted: 137.34077670258088, actual: 133.0, error: 3.263741881639761
Predicted: 131.2251600961571, actual: 117.0, error: 12.158256492441975
Predicted: 142.8724336484822, actual: 133.0, error: 7.422882442467819
Predicted: 128.3442939222291, actual: 117.0, error: 9.695977711306922
Predicted: 142.84855560109156, actual: 133.0, error: 7.404929023377115
Predicted: 131.36613826988878, actual: 117.0, error: 12.278750658024599
Predicted: 137.31321502982817, actual: 133.0, error: 3.2430188194196776
Predicted: 131.2604560673675, actual: 117.0, error: 12.188423989202992
Predicted: 142.8808530578283, actual: 133.0, error: 7.429212825434804
Predicted: 128.56370858610495, actual: 117.0, error: 9.883511612055514
Predicted: 142.80133490219606, actual: 133.0, error: 7.3694247384932785
Predicted: 128.56849488144965, actual: 117.0, error: 9.887602462777481
Predicted: 124.62449803866285, actual: 133.0, error: -6.297369895742218
Predicted: 131.3257286091261, actual: 117.0, error: 12.244212486432554
Predicted: 137.2721749460061, actual: 133.0, error: 3.2121616135384126
Predicted: 131.21411461111973, actual: 117.0, error: 12.148815906939936
Predicted: 142.91997775748627, actual: 133.0, error: 7.458629892846816
Predicted: 128.67394302872862, actual: 117.0, error: 9.977729084383432
Predicted: 142.82476804999615, actual: 133.0, error: 7.387043646613647
Predicted: 131.37920592400843, actual: 117.0, error: 12.2899195931696
Predicted: 137.25000391224162, actual: 133.0, error: 3.195491663339567
Predicted: 131.24341757116042, actual: 117.0, error: 12.173861171931984
Predicted: 142.76211958767738, actual: 133.0, error: 7.339939539607049
Predicted: 128.61874801555706, actual: 117.0, error: 9.930553859450479
Predicted: 142.75310852333993, actual: 133.0, error: 7.333164303263107
Predicted: 128.50683912662063, actual: 117.0, error: 9.834905236427891
Predicted: 142.74808453877074, actual: 133.0, error: 7.329386871256196
Predicted: 131.4729064919491, actual: 117.0, error: 12.370005548674436
Predicted: 137.21454620320856, actual: 133.0, error: 3.1688317317357564
Predicted: 131.28383797251453, actual: 117.0, error: 12.208408523516695
Predicted: 142.7326679439849, actual: 133.0, error: 7.317795446605182
Predicted: 128.71522184268562, actual: 117.0, error: 10.013010121953524
Predicted: 142.72763369508712, actual: 133.0, error: 7.314010297057987
Predicted: 131.4739375240222, actual: 117.0, error: 12.37088677266855
Predicted: 137.2002347279028, actual: 133.0, error: 3.158071223987065
Predicted: 131.28968437346293, actual: 117.0, error: 12.213405447404217
Predicted: 142.7198994819914, actual: 133.0, error: 7.308195099241657
Predicted: 128.59194259628268, actual: 117.0, error: 9.90764324468605
Predicted: 142.71613312398398, actual: 133.0, error: 7.305363251115775
Predicted: 131.29255238282295, actual: 117.0, error: 12.21585673745551
Predicted: 122.06762684156963, actual: 133.0, error: -8.219829442428846
Predicted: 131.285361575964, actual: 117.0, error: 12.209710748687183
Predicted: 138.92511703023652, actual: 133.0, error: 4.454975210704151
Predicted: 128.53360986347127, actual: 117.0, error: 9.857786208095103
Predicted: 142.73211059943677, actual: 146.0, error: -2.238280411344681
Predicted: 131.31515143660997, actual: 117.0, error: 12.235172168042705
Predicted: 137.24897496077995, actual: 133.0, error: 3.19471801562402
Predicted: 131.32112910377415, actual: 117.0, error: 12.240281285277055
Predicted: 142.73930788960888, actual: 133.0, error: 7.322787886923971
Predicted: 128.5048078383925, actual: 117.0, error: 9.83316909264317
Predicted: 142.72901861443958, actual: 133.0, error: 7.315051589804197
Predicted: 128.59162869008884, actual: 117.0, error: 9.90737494879388
Predicted: 142.71131279684593, actual: 133.0, error: 7.301738944996941
Predicted: 131.43596648994648, actual: 117.0, error: 12.338432897390154
Predicted: 137.1727464117116, actual: 133.0, error: 3.1374033170764015
Predicted: 131.42905500776857, actual: 117.0, error: 12.332525647665443
Predicted: 142.67409615476436, actual: 133.0, error: 7.273756507341621
Predicted: 128.75334906240414, actual: 117.0, error: 10.045597489234307
Predicted: 134.23431508962724, actual: 133.0, error: 0.9280564583663494
Predicted: 131.3904970276232, actual: 117.0, error: 12.299570109079669
Predicted: 118.93522501647685, actual: 139.0, error: -14.435089916203706
Predicted: 132.36274409422376, actual: 117.0, error: 13.130550507883553
Predicted: 124.38984191474893, actual: 133.0, error: -6.473803071617347
Predicted: 128.81199068889805, actual: 117.0, error: 10.0957185375197
Predicted: 124.50578046528241, actual: 133.0, error: -6.386631229110967
Predicted: 128.75992262050946, actual: 117.0, error: 10.051215914965347
Predicted: 127.56920812659791, actual: 133.0, error: -4.083302160452696
Predicted: 131.3828444154648, actual: 117.0, error: 12.293029414927181
Predicted: 123.43140157126712, actual: 159.0, error: -22.37018769102697
Predicted: 131.59466477231686, actual: 117.0, error: 12.474072454971676
Predicted: 129.15401382914402, actual: 159.0, error: -18.771060484815084
Predicted: 128.64504034603746, actual: 117.0, error: 9.953025936784156
Predicted: 129.26318403292782, actual: 159.0, error: -18.702399979290675
Predicted: 131.5936359719433, actual: 117.0, error: 12.47319313841309
Predicted: 123.65770707990076, actual: 159.0, error: -22.22785718245235
Predicted: 131.39213446044235, actual: 117.0, error: 12.300969624309701
Predicted: 128.85448675867727, actual: 159.0, error: -18.959442290140082
Predicted: 128.70285179033885, actual: 117.0, error: 10.002437427640047
Predicted: 129.47003412917152, actual: 159.0, error: -18.572305579137407
Predicted: 154.15933662243782, actual: 117.0, error: 31.76011677131438
Predicted: 128.70923477384267, actual: 159.0, error: -19.050795739721593
Predicted: 125.23890988473828, actual: 117.0, error: 7.041803320289125
Predicted: 134.26104427348827, actual: 159.0, error: -15.559091651894171
Predicted: 125.6504055961898, actual: 117.0, error: 7.393509056572478
Predicted: 128.65996291210266, actual: 159.0, error: -19.081784332010905
Predicted: 128.60637775914654, actual: 117.0, error: 9.919980990723538
Predicted: 128.77949039745027, actual: 159.0, error: -19.006609812924356
Predicted: 125.61102571798827, actual: 117.0, error: 7.359851041015615
Predicted: 134.13208487201072, actual: 146.0, error: -8.128708991773479
Predicted: 125.53769268451809, actual: 117.0, error: 7.297173234630848
Predicted: 128.78514322841784, actual: 146.0, error: -11.790997788754906
Predicted: 128.54739738712655, actual: 117.0, error: 9.86957041634748
Predicted: 128.72157639260783, actual: 146.0, error: -11.834536717391897
Predicted: 125.60407033645782, actual: 117.0, error: 7.353906270476772
Predicted: 134.17204277237224, actual: 146.0, error: -8.10134056686833
Predicted: 125.98221286201716, actual: 117.0, error: 7.677105010271081
Predicted: 128.70265227975094, actual: 159.0, error: -19.05493567311262
Predicted: 102.47481097240103, actual: 117.0, error: -12.414691476580316
Predicted: 128.0215507020406, actual: 159.0, error: -19.483301445257485
Predicted: 131.5764492569261, actual: 112.0, error: 17.478972550826885
Predicted: 123.27517061097065, actual: 159.0, error: -22.468446156622235
Predicted: 131.3850977307108, actual: 112.0, error: 17.30812297384894
Predicted: 127.36628701960551, actual: 159.0, error: -19.895416968801566
Predicted: 128.72337895716313, actual: 112.0, error: 14.931588354609943
Predicted: 127.00652182786605, actual: 159.0, error: -20.121684384989905
Predicted: 154.34938162299173, actual: 117.0, error: 31.922548395719424
Predicted: 128.66333042348657, actual: 159.0, error: -19.07966640032291
Predicted: 123.9320563912764, actual: 117.0, error: 5.924834522458465
Predicted: 134.29729582660977, actual: 159.0, error: -15.53629193294983
Predicted: 98.4520598133817, actual: 117.0, error: -15.852940330442996
Predicted: 128.01255276747207, actual: 152.0, error: -15.781215284557849
Predicted: 154.08053880930757, actual: 117.0, error: 31.692768213083394
Predicted: 128.79146069447188, actual: 159.0, error: -18.999081324231522
Predicted: 121.70167023008997, actual: 117.0, error: 4.018521564179465
Predicted: 134.04419719853922, actual: 146.0, error: -8.188906028397792
Predicted: 124.05247806669874, actual: 117.0, error: 6.027759031366444
Predicted: 128.73273331435337, actual: 159.0, error: -19.036016783425556
Predicted: 127.60578307037973, actual: 117.0, error: 9.064771855025409
Predicted: 128.66702798475762, actual: 159.0, error: -19.077340890089545
Predicted: 127.27934226340737, actual: 117.0, error: 8.7857626182969
Predicted: 128.67270898513647, actual: 159.0, error: -19.073767933876436
Predicted: 124.62526622680666, actual: 117.0, error: 6.517321561373213
Predicted: 134.11435859702212, actual: 159.0, error: -15.651346794325713
Predicted: 124.89494427288578, actual: 117.0, error: 6.747815617851094
Predicted: 128.67323513993063, actual: 159.0, error: -19.07343701891156
Predicted: 127.78355264031623, actual: 117.0, error: 9.21671165838994
Predicted: 128.6036881736569, actual: 159.0, error: -19.117177249272384
Predicted: 124.92644054894448, actual: 117.0, error: 6.774735511918363
Predicted: 134.15621963324315, actual: 159.0, error: -15.62501909858921
Predicted: 125.25299413968729, actual: 117.0, error: 7.053841145031871
Predicted: 128.6729540453324, actual: 152.0, error: -15.346740759649736
Predicted: 127.13488988268763, actual: 117.0, error: 8.662299045032162
Predicted: 128.80180526953242, actual: 159.0, error: -18.992575302180867
Predicted: 128.30103438925022, actual: 117.0, error: 9.659003751495913
Predicted: 128.67474682609492, actual: 159.0, error: -19.072486272896278
Predicted: 125.16966483767837, actual: 117.0, error: 6.982619519383221
Predicted: 134.0953190645733, actual: 159.0, error: -15.663321343035665
Predicted: 125.47116701325216, actual: 117.0, error: 7.240313686540305
Predicted: 128.81303902976975, actual: 159.0, error: -18.985510044169963
Predicted: 128.6114119966114, actual: 117.0, error: 9.924283757787517
Predicted: 128.7585625375095, actual: 146.0, error: -11.809203741431846
Predicted: 126.03758132091328, actual: 117.0, error: 7.724428479413056
Predicted: 134.15242444135882, actual: 146.0, error: -8.11477777989122
Predicted: 125.61132457337717, actual: 117.0, error: 7.360106472971944
Predicted: 128.70145552118217, actual: 146.0, error: -11.848318136176598
Predicted: 128.88107258445913, actual: 117.0, error: 10.154762892700115
Predicted: 128.69757576835175, actual: 146.0, error: -11.850975501128936
Predicted: 125.858401029483, actual: 117.0, error: 7.571282931182055
Predicted: 134.22625122007116, actual: 146.0, error: -8.064211493101944
Predicted: 126.24094634860683, actual: 117.0, error: 7.8982447423989965
Predicted: 128.77443809800096, actual: 146.0, error: -11.79833006986236
Predicted: 128.32574450244647, actual: 117.0, error: 9.680123506364504
Predicted: 128.83515050703897, actual: 146.0, error: -11.756746228055496
Predicted: 126.27197648435819, actual: 117.0, error: 7.924766225947172
Predicted: 134.00749452356843, actual: 146.0, error: -8.21404484687094
Predicted: 126.15217372445308, actual: 117.0, error: 7.822370704660751
Predicted: 128.56464494786792, actual: 146.0, error: -11.942024008309645
Predicted: 128.9205567060804, actual: 117.0, error: 10.188510005196914
Predicted: 128.6400113913299, actual: 146.0, error: -11.89040315662336
Predicted: 128.74162834521007, actual: 117.0, error: 10.035579782230833
Predicted: 128.64918519723037, actual: 133.0, error: -3.271289325390702
Predicted: 124.67520741316878, actual: 117.0, error: 6.56000633604169
Predicted: 133.96554619139627, actual: 159.0, error: -15.744939502266497
Predicted: 124.20021852155342, actual: 117.0, error: 6.1540329244046355
Predicted: 128.5412118509901, actual: 159.0, error: -19.156470533968495
Predicted: 127.82953057916554, actual: 117.0, error: 9.256009042021825
Predicted: 128.6130465463393, actual: 159.0, error: -19.111291480289754
Predicted: 125.03277601717376, actual: 117.0, error: 6.865620527498939
Predicted: 133.97032988652998, actual: 159.0, error: -15.741930888974853
Predicted: 125.12879250858882, actual: 117.0, error: 6.947685904776765
Predicted: 128.6253933784669, actual: 159.0, error: -19.103526177064843
Predicted: 127.78444516929247, actual: 117.0, error: 9.217474503668777
Predicted: 128.7495137100951, actual: 159.0, error: -19.025463075411885
Predicted: 128.25520660147407, actual: 117.0, error: 9.619834702114591
Predicted: 128.6897131110118, actual: 159.0, error: -19.06307351508692
Predicted: 124.43634994660673, actual: 117.0, error: 6.355854655219423
Predicted: 133.9030567432899, actual: 159.0, error: -15.784241041956031
Predicted: 125.15988565193481, actual: 117.0, error: 6.974261240969927
Predicted: 128.68169357507333, actual: 159.0, error: -19.068117248381554
Predicted: 127.39513899675623, actual: 117.0, error: 8.884734185261737
Predicted: 128.6875142665771, actual: 159.0, error: -19.064456436115034
Predicted: 125.16063152703, actual: 117.0, error: 6.9748987410512875
Predicted: 134.0218242405938, actual: 159.0, error: -15.709544502771204
Predicted: 125.20885400042, actual: 112.0, error: 11.793619643232146
Predicted: 128.54821288774409, actual: 159.0, error: -19.15206736619869
Predicted: 128.14362416297635, actual: 112.0, error: 14.413950145514601
Predicted: 128.74775621132991, actual: 159.0, error: -19.026568420547225
Predicted: 128.31069164515887, actual: 112.0, error: 14.56311754032042
Predicted: 128.7485064174891, actual: 159.0, error: -19.026096592774152
Predicted: 125.233727591375, actual: 117.0, error: 7.037374009722222
Predicted: 133.87717961669293, actual: 159.0, error: -15.80051596434407
Predicted: 125.33277910659157, actual: 117.0, error: 7.122033424437242
Predicted: 128.8968566217333, actual: 159.0, error: -18.93279457752623
Predicted: 126.64951605100401, actual: 117.0, error: 8.247449616242747
Predicted: 128.56326811517891, actual: 146.0, error: -11.942967044398003
Predicted: 126.31124038243529, actual: 117.0, error: 7.958325113192553
Predicted: 134.00934395672564, actual: 159.0, error: -15.7173937379084
Predicted: 126.59083346055871, actual: 112.0, error: 13.02752987549885
Predicted: 128.76496868105647, actual: 159.0, error: -19.01574296788901
Predicted: 128.94033326791194, actual: 112.0, error: 15.125297560635659
Predicted: 128.83003019142737, actual: 159.0, error: -18.974823778976496
Predicted: 126.88747669735973, actual: 117.0, error: 8.450834784068146
Predicted: 133.87023987376392, actual: 159.0, error: -15.804880582538413
Predicted: 126.2648932188514, actual: 117.0, error: 7.918712152864443
Predicted: 128.7766792263536, actual: 159.0, error: -19.008377845060632
Predicted: 129.95071649101735, actual: 117.0, error: 11.06898845386098
Predicted: 128.6476980387299, actual: 159.0, error: -19.089498088849112
Predicted: 129.01196117891746, actual: 117.0, error: 10.26663348625424
Predicted: 128.60008111540049, actual: 159.0, error: -19.119445839370762
Regression Analysis took: 3129ms
Number of measurements: 437
Database Update took: 1ms
Number of bigErrors: 405
AvgError: 12.518628014469638
...So Power Model: y = 70.04259080221873 + 5.277815812600793*CPU + 1.306334631074613E-5*MEMORY + 2.6168431545276625E-7*HDD + 1.837166074923132E-12*NET
