Analysis of start_t: '2011-04-25 20:59:51' to: '2011-04-25 21:14:21'
Rs1 has 290 results!
Rs2 has 289 results!
Rs3 has 289 results!
Rs4 has 289 results!
Data: [122.0, 0.54726368159204, 5791872.0, 243.0, 2.7350677E8]
Data: [122.0, 1.343283582089552, 5801772.0, 136.0, 1.811253722E9]
Data: [146.0, 1.3823163138231631, 5805576.0, 286.0, 1.818195572E9]
Data: [146.0, 1.32334581772784, 5810424.0, 130.0, 1.817019206E9]
Data: [146.0, 1.4427860696517412, 5812584.0, 111.0, 1.875139602E9]
Data: [152.0, 1.391304347826087, 5815164.0, 134.0, 1.85297894E9]
Data: [152.0, 1.417910447761194, 5817464.0, 107.0, 1.799214352E9]
Data: [146.0, 1.380597014925373, 5819092.0, 133.0, 2.072431728E9]
Data: [146.0, 1.2702366127023663, 5818244.0, 109.0, 2.05380754E9]
Data: [146.0, 1.4214463840398999, 5822348.0, 107.0, 2.075709796E9]
Data: [146.0, 1.3823163138231631, 5822856.0, 309.0, 1.8058012E9]
Data: [146.0, 1.332503113325031, 5821436.0, 110.0, 1.832831514E9]
Data: [146.0, 1.330845771144278, 5821192.0, 143.0, 6.14261176E8]
Data: [128.0, 1.366459627329193, 5822768.0, 111.0, 1.773719282E9]
Data: [152.0, 1.343283582089552, 5822960.0, 131.0, 1.80012901E9]
Data: [146.0, 1.36986301369863, 5823900.0, 111.0, 1.781481946E9]
Data: [146.0, 1.343283582089552, 5825800.0, 115.0, 1.794538576E9]
Data: [146.0, 1.359102244389028, 5826336.0, 111.0, 1.805529984E9]
Data: [146.0, 1.3823163138231631, 5827060.0, 124.0, 1.83370393E9]
Data: [146.0, 1.355721393034826, 5826964.0, 112.0, 1.79311891E9]
Data: [146.0, 1.318407960199005, 5828700.0, 119.0, 1.795997978E9]
Data: [146.0, 1.394769613947696, 5830008.0, 112.0, 1.798495764E9]
Data: [146.0, 1.3059701492537321, 5830880.0, 218.0, 1.79682446E9]
Data: [146.0, 1.3092269326683301, 5831800.0, 109.0, 1.808465656E9]
Data: [146.0, 1.357409713574097, 5834044.0, 129.0, 9.96608268E8]
Data: [146.0, 0.3491271820448879, 5834060.0, 123.0, 1.633944612E9]
Data: [133.0, 1.304347826086957, 5834336.0, 124.0, 2.100174626E9]
Data: [152.0, 1.293532338308458, 5836456.0, 113.0, 2.06112324E9]
Data: [146.0, 1.357409713574097, 5837608.0, 105.0, 2.08605925E9]
Data: [146.0, 1.273408239700374, 5838116.0, 120.0, 2.078189238E9]
Data: [146.0, 1.267080745341615, 5840108.0, 118.0, 2.076611866E9]
Data: [146.0, 1.234413965087282, 5839512.0, 126.0, 2.092579332E9]
Data: [152.0, 1.256218905472637, 5841512.0, 104.0, 2.104468892E9]
Data: [152.0, 1.290322580645161, 5843192.0, 121.0, 2.071769462E9]
Data: [146.0, 1.3275434243176183, 5843800.0, 175.0, 2.079866464E9]
Data: [146.0, 1.2453300124533002, 5844964.0, 119.0, 8.34722108E8]
Data: [146.0, 0.38461538461538497, 5846016.0, 119.0, 1.508976476E9]
Data: [146.0, 1.3200498132004979, 5847224.0, 136.0, 1.732061754E9]
Data: [146.0, 1.2967581047381551, 5846684.0, 101.0, 1.702733616E9]
Data: [146.0, 1.305970149253731, 5847972.0, 108.0, 1.824854504E9]
Data: [146.0, 1.2935323383084572, 5847996.0, 123.0, 1.805311554E9]
Data: [146.0, 1.267080745341615, 5849232.0, 109.0, 1.788809892E9]
Data: [146.0, 1.332503113325031, 5850004.0, 114.0, 1.74241472E9]
Data: [146.0, 1.295143212951432, 5850772.0, 106.0, 1.784946796E9]
Data: [146.0, 1.271820448877805, 5852432.0, 125.0, 1.79476976E9]
Data: [146.0, 1.2842892768079799, 5854196.0, 124.0, 1.777213162E9]
Data: [146.0, 1.296758104738155, 5854956.0, 128.0, 1.836687888E9]
Data: [146.0, 1.240694789081886, 5855704.0, 117.0, 1.94766058E9]
Data: [146.0, 1.2049689440993792, 5857540.0, 138.0, 6.92589954E8]
Data: [122.0, 1.2453300124533002, 5859056.0, 115.0, 2.054831094E9]
Data: [152.0, 1.2189054726368158, 5859676.0, 112.0, 2.061180128E9]
Data: [152.0, 1.2453300124533, 5859656.0, 133.0, 2.063960354E9]
Data: [146.0, 1.23134328358209, 5861044.0, 107.0, 2.068892548E9]
Data: [146.0, 1.271820448877805, 5861572.0, 128.0, 2.11681528E9]
Data: [146.0, 1.254658385093168, 5863076.0, 107.0, 2.166675712E9]
Data: [146.0, 1.2049689440993792, 5865108.0, 128.0, 1.80582925E9]
Data: [146.0, 1.3275434243176183, 5867032.0, 111.0, 1.785269032E9]
Data: [152.0, 1.318407960199005, 5867620.0, 188.0, 1.752701734E9]
Data: [146.0, 1.2484394506866408, 5868140.0, 108.0, 1.846780996E9]
Data: [146.0, 1.305970149253731, 5869528.0, 118.0, 8.1016851E8]
Data: [146.0, 0.323383084577114, 5870460.0, 134.0, 2.039051556E9]
Data: [146.0, 1.354037267080745, 5873056.0, 108.0, 2.168532488E9]
Data: [146.0, 1.2810945273631842, 5873520.0, 127.0, 2.110913794E9]
Data: [146.0, 1.2422360248447208, 5875080.0, 108.0, 2.094112132E9]
Data: [146.0, 1.2328767123287672, 5876632.0, 120.0, 2.123035886E9]
Data: [146.0, 1.172069825436409, 5877648.0, 111.0, 2.094046872E9]
Data: [146.0, 1.2204234122042341, 5877312.0, 125.0, 2.079766408E9]
Data: [146.0, 1.14713216957606, 5877468.0, 114.0, 2.114751256E9]
Data: [146.0, 1.243781094527363, 5878336.0, 128.0, 2.16244248E9]
Data: [146.0, 1.23134328358209, 5879108.0, 173.0, 2.086775872E9]
Data: [146.0, 1.2810945273631842, 5880516.0, 215.0, 1.42970544E8]
Data: [128.0, 0.360696517412935, 5875280.0, 3749.0, 46948.0]
Data: [128.0, 0.2732919254658386, 6262504.0, 37097.0, 40470.0]
Data: [122.0, 0.19900497512437829, 6265080.0, 37271.0, 122986.0]
Data: [122.0, 0.398505603985056, 6264916.0, 28302.0, 67392.0]
Data: [117.0, 0.398505603985056, 6264816.0, 22247.0, 72200.0]
Data: [117.0, 0.41044776119403, 6266472.0, 20846.0, 69074.0]
Data: [117.0, 0.360696517412935, 6267012.0, 17690.0, 39386.0]
Data: [122.0, 0.1364764267990079, 6266372.0, 19007.0, 39080.0]
Data: [122.0, 0.1612903225806447, 6266692.0, 19026.0, 39186.0]
Data: [122.0, 0.2114427860696513, 6266864.0, 14569.0, 39184.0]
Data: [122.0, 0.19925280199252798, 6267308.0, 14948.0, 38972.0]
Data: [122.0, 0.161892901618929, 6267824.0, 13018.0, 39452.0]
Data: [122.0, 0.19851116625310192, 6268080.0, 12834.0, 39082.0]
Data: [122.0, 0.149439601494396, 6269004.0, 13687.0, 39074.0]
Data: [122.0, 0.21065675340768242, 6269444.0, 11134.0, 39184.0]
Data: [128.0, 0.2357320099255587, 6270080.0, 11277.0, 39184.0]
Data: [128.0, 0.2119700748129676, 6271108.0, 11678.0, 109648.0]
Data: [122.0, 0.161892901618929, 6272648.0, 12204.0, 39180.0]
Data: [128.0, 0.1616915422885576, 6273644.0, 9976.0, 39082.0]
Data: [128.0, 0.1612903225806456, 6274540.0, 4745.0, 477256.0]
Data: [128.0, 0.459627329192547, 4957764.0, 11050.0, 66824.0]
Data: [133.0, 0.36069651741293596, 6332648.0, 41241.0, 72362.0]
Data: [122.0, 0.361596009975062, 6336076.0, 32178.0, 66924.0]
Data: [122.0, 0.36114570361145704, 6333964.0, 21570.0, 72412.0]
Data: [122.0, 0.336239103362391, 6332784.0, 25064.0, 69956.0]
Data: [122.0, 0.3245942571785273, 6334448.0, 30195.0, 66720.0]
Data: [122.0, 0.32298136645962705, 6334732.0, 21882.0, 42052.0]
Data: [122.0, 0.12453300124533001, 6333772.0, 15830.0, 39038.0]
Data: [122.0, 0.149439601494396, 6333608.0, 15799.0, 109870.0]
Data: [122.0, 0.1490683229813662, 6334436.0, 13515.0, 109390.0]
Data: [122.0, 0.12468827930174561, 6334260.0, 12373.0, 38976.0]
Data: [122.0, 0.12437810945273658, 6334588.0, 13931.0, 39080.0]
Data: [122.0, 0.136986301369863, 6335068.0, 13268.0, 38966.0]
Data: [122.0, 0.12422360248447221, 6335388.0, 11841.0, 109404.0]
Data: [122.0, 0.21118012422360244, 6335884.0, 11146.0, 39182.0]
Data: [122.0, 0.1492537313432836, 6336428.0, 11584.0, 39080.0]
Data: [122.0, 0.2114427860696516, 6337328.0, 11734.0, 39076.0]
Data: [122.0, 0.1496259351620946, 6338968.0, 11338.0, 39078.0]
Data: [122.0, 0.1496259351620946, 6339612.0, 5252.0, 266778.0]
Data: [122.0, 1.46583850931677, 4968420.0, 2527.0, 237250.0]
Data: [133.0, 0.6211180124223601, 6371904.0, 25151.0, 40258.0]
Data: [122.0, 0.136986301369863, 6373908.0, 36749.0, 114356.0]
Data: [128.0, 0.385572139303482, 6374500.0, 28135.0, 69386.0]
Data: [122.0, 0.38605230386052297, 6372212.0, 29180.0, 69172.0]
Data: [122.0, 0.39751552795031003, 6371928.0, 17919.0, 65092.0]
Data: [122.0, 0.348258706467661, 6371376.0, 26155.0, 44202.0]
Data: [122.0, 0.149439601494396, 6371836.0, 17954.0, 38970.0]
Data: [122.0, 0.1237623762376234, 6371536.0, 17213.0, 39080.0]
Data: [128.0, 0.1488833746898259, 6371404.0, 17775.0, 38974.0]
Data: [122.0, 0.12453300124533001, 6371324.0, 14607.0, 38972.0]
Data: [128.0, 0.12437810945273658, 6371088.0, 12453.0, 38976.0]
Data: [128.0, 0.11221945137157101, 6371312.0, 14526.0, 38940.0]
Data: [128.0, 0.12453300124533001, 6372180.0, 11827.0, 39072.0]
Data: [128.0, 0.19900497512437762, 6372376.0, 11972.0, 39184.0]
Data: [128.0, 0.1488833746898259, 6373784.0, 11648.0, 39556.0]
Data: [128.0, 0.136986301369863, 6374196.0, 11733.0, 39174.0]
Data: [128.0, 0.1872659176029964, 6374516.0, 11507.0, 39080.0]
Data: [128.0, 0.136986301369863, 6375444.0, 10904.0, 38968.0]
Data: [128.0, 0.136986301369863, 6376368.0, 2667.0, 542422.0]
Data: [128.0, 0.82089552238806, 5009220.0, 4794.0, 58760.0]
Data: [133.0, 0.286425902864259, 6403080.0, 30072.0, 40470.0]
Data: [122.0, 0.1488833746898259, 6405936.0, 38110.0, 112532.0]
Data: [122.0, 0.43640897755611, 6408060.0, 25793.0, 72252.0]
Data: [122.0, 0.38605230386052297, 6404224.0, 25032.0, 67236.0]
Data: [122.0, 0.39850560398505597, 6405220.0, 22771.0, 67442.0]
Data: [122.0, 0.39900249376558605, 6403720.0, 22790.0, 44098.0]
Data: [122.0, 0.1119402985074626, 6404124.0, 19549.0, 39080.0]
Data: [122.0, 0.1371571072319206, 6403720.0, 19374.0, 39080.0]
Data: [122.0, 0.1492537313432836, 6403216.0, 15018.0, 39080.0]
Data: [122.0, 0.13681592039800958, 6402692.0, 13052.0, 39080.0]
Data: [122.0, 0.124843945068664, 6403084.0, 11927.0, 39044.0]
Data: [122.0, 0.124688279301746, 6403164.0, 13343.0, 39044.0]
Data: [122.0, 0.136986301369863, 6403720.0, 12797.0, 39072.0]
Data: [122.0, 0.13681592039800958, 6402160.0, 11813.0, 39080.0]
Data: [122.0, 0.149439601494396, 6402432.0, 12076.0, 39074.0]
Data: [122.0, 0.17434620174346202, 6403748.0, 11031.0, 38972.0]
Data: [122.0, 0.1486988847583647, 6404460.0, 11659.0, 38976.0]
Data: [122.0, 0.13681592039800958, 6405036.0, 11499.0, 38976.0]
Data: [122.0, 0.6102117061021171, 6381032.0, 5305.0, 474716.0]
Data: [133.0, 0.560398505603985, 5146184.0, 43987.0, 69486.0]
Data: [128.0, 0.38605230386052297, 5426572.0, 36597.0, 66928.0]
Data: [122.0, 0.44665012406947896, 5426768.0, 21162.0, 61662.0]
Data: [128.0, 0.31133250311332505, 5730596.0, 23560.0, 75262.0]
Data: [122.0, 0.36069651741293596, 5729684.0, 23700.0, 70698.0]
Data: [122.0, 0.336239103362391, 5730548.0, 19501.0, 44194.0]
Data: [122.0, 0.174563591022444, 5730852.0, 18856.0, 69038.0]
Data: [117.0, 0.584577114427861, 5984648.0, 15361.0, 39390.0]
Data: [117.0, 0.1, 5984624.0, 15650.0, 39068.0]
Data: [117.0, 0.13681592039800958, 5985060.0, 15139.0, 39080.0]
Data: [117.0, 0.124378109452736, 5985732.0, 13849.0, 39148.0]
Data: [117.0, 0.124378109452736, 5985532.0, 13509.0, 39148.0]
Data: [117.0, 0.149439601494396, 5985276.0, 12138.0, 39074.0]
Data: [117.0, 0.1861042183622829, 5986696.0, 12507.0, 39184.0]
Data: [117.0, 0.23690773067331652, 6042576.0, 12247.0, 39178.0]
Data: [117.0, 0.149439601494396, 6179044.0, 11964.0, 39180.0]
Data: [117.0, 0.13681592039801, 6179984.0, 10323.0, 39146.0]
Data: [117.0, 0.13681592039800958, 6180660.0, 12004.0, 39184.0]
Data: [117.0, 0.1865671641791046, 6181228.0, 10213.0, 38976.0]
Data: [117.0, 0.11221945137157101, 6181916.0, 12186.0, 39044.0]
Data: [117.0, 0.12453300124533001, 6184944.0, 10710.0, 39142.0]
Data: [117.0, 0.1995012468827931, 6196600.0, 10558.0, 39184.0]
Data: [133.0, 0.187265917602996, 6364248.0, 9873.0, 39520.0]
Data: [133.0, 0.2114427860696516, 6364776.0, 9694.0, 39182.0]
Data: [133.0, 0.19900497512437762, 6365732.0, 10642.0, 39080.0]
Data: [133.0, 0.124378109452736, 6366808.0, 10770.0, 39044.0]
Data: [133.0, 0.124378109452736, 6367460.0, 10246.0, 39044.0]
Data: [133.0, 0.124688279301746, 6368152.0, 10222.0, 39044.0]
Data: [133.0, 0.12437810945273658, 6369504.0, 10096.0, 39080.0]
Data: [133.0, 0.13681592039801, 6371524.0, 10656.0, 39252.0]
Data: [122.0, 0.1496259351620946, 6372360.0, 9213.0, 39286.0]
Data: [117.0, 0.17412935323383089, 6410880.0, 9034.0, 39080.0]
Data: [117.0, 0.1616915422885569, 6421600.0, 8404.0, 39078.0]
Data: [117.0, 0.2611940298507458, 6403804.0, 5141.0, 639582.0]
Data: [128.0, 1.354037267080745, 5113180.0, 41517.0, 113172.0]
Data: [128.0, 0.1741293532338313, 5588868.0, 35559.0, 85866.0]
Data: [128.0, 0.136986301369863, 5587872.0, 32706.0, 40756.0]
Data: [128.0, 0.1614906832298134, 5588848.0, 21520.0, 70010.0]
Data: [128.0, 0.1492537313432836, 5937348.0, 20978.0, 39080.0]
Data: [128.0, 0.13681592039800958, 5936776.0, 18532.0, 39080.0]
Data: [128.0, 0.11221945137157101, 5935424.0, 18660.0, 39044.0]
Data: [128.0, 0.12453300124533001, 5934404.0, 16585.0, 38934.0]
Data: [128.0, 0.12437810945273658, 5934052.0, 17452.0, 39556.0]
Data: [128.0, 0.124688279301746, 5934172.0, 14268.0, 39148.0]
Data: [128.0, 0.1492537313432836, 6070188.0, 12117.0, 39082.0]
Data: [128.0, 0.1492537313432836, 6070832.0, 11538.0, 38978.0]
Data: [128.0, 0.12422360248447221, 6071616.0, 13118.0, 39080.0]
Data: [128.0, 0.12453300124533001, 6073044.0, 13577.0, 39076.0]
Data: [128.0, 0.1492537313432833, 6081900.0, 10975.0, 140724.0]
Data: [128.0, 0.1865671641791046, 6224092.0, 10517.0, 39080.0]
Data: [128.0, 0.112359550561798, 6224768.0, 10788.0, 39044.0]
Data: [128.0, 0.136986301369863, 6225600.0, 11519.0, 38968.0]
Data: [128.0, 0.12422360248447221, 6225408.0, 10223.0, 38976.0]
Data: [128.0, 0.12422360248447221, 6226008.0, 11203.0, 39080.0]
Data: [128.0, 0.13681592039801, 6226432.0, 10883.0, 39042.0]
Data: [128.0, 0.1371571072319206, 6300592.0, 10414.0, 39080.0]
Data: [128.0, 0.1371571072319206, 6301720.0, 9434.0, 39080.0]
Data: [128.0, 0.13681592039800958, 6302544.0, 9916.0, 39080.0]
Data: [128.0, 0.12453300124533001, 6303212.0, 9689.0, 39178.0]
Data: [128.0, 0.1490683229813664, 6460132.0, 8969.0, 69488.0]
Data: [128.0, 0.1990049751243779, 6462996.0, 9839.0, 39700.0]
Data: [128.0, 0.1490683229813662, 6464504.0, 9556.0, 39182.0]
Data: [128.0, 0.1371571072319206, 6465672.0, 9508.0, 39078.0]
Data: [128.0, 0.149439601494396, 6466968.0, 9566.0, 39072.0]
Data: [128.0, 0.12468827930174561, 6468380.0, 9797.0, 39182.0]
Data: [128.0, 0.136986301369863, 6469880.0, 9742.0, 38966.0]
Data: [128.0, 0.124223602484472, 6471980.0, 9091.0, 39042.0]
Data: [128.0, 0.1490683229813662, 6474372.0, 4393.0, 171392.0]
Data: [128.0, 1.5106117353308368, 5132788.0, 1516.0, 1042842.0]
Data: [133.0, 0.534825870646767, 5170680.0, 208.0, 52744.0]
Data: [199.0, 8.929016189290163, 5305164.0, 154.0, 75528.0]
Data: [208.0, 9.987562189054724, 5309900.0, 149.0, 77660.0]
Data: [218.0, 8.667496886674972, 5954552.0, 104.0, 64200.0]
Data: [208.0, 9.987577639751555, 5413632.0, 151.0, 96002.0]
Data: [139.0, 5.080745341614908, 5701920.0, 121.0, 64108.0]
Data: [228.0, 8.49315068493151, 6449052.0, 54.0, 46998.0]
Data: [208.0, 9.900373599003732, 5637444.0, 190.0, 81612.0]
Data: [218.0, 9.98754669987547, 5642476.0, 352.0, 86404.0]
Data: [146.0, 5.7338308457711396, 6168492.0, 180.0, 63336.0]
Data: [228.0, 8.283582089552242, 6928408.0, 111.0, 62844.0]
Data: [228.0, 8.718905472636814, 7647732.0, 120.0, 75038.0]
Data: [228.0, 8.95652173913043, 8335176.0, 121.0, 58112.0]
Data: [218.0, 10.000000000000002, 6099948.0, 159.0, 81720.0]
Data: [218.0, 9.452736318407965, 5747228.0, 165.0, 88794.0]
Data: [128.0, 7.173100871731006, 5447512.0, 127.0, 53560.0]
Data: [218.0, 9.925373134328355, 5302596.0, 147.0, 88148.0]
Data: [182.0, 7.238805970149259, 5605368.0, 92.0, 71008.0]
Data: [218.0, 10.0, 5418340.0, 82.0, 56068.0]
Data: [218.0, 9.999999999999998, 5421476.0, 161.0, 85894.0]
Data: [199.0, 7.4161490683229765, 6030544.0, 206.0, 70804.0]
Data: [228.0, 8.48258706467662, 6719428.0, 100.0, 56340.0]
Data: [199.0, 9.999999999999996, 5648068.0, 159.0, 85998.0]
Data: [218.0, 1.80572851805729, 5263840.0, 98.0, 71038.0]
Data: [218.0, 7.487562189054726, 6277660.0, 123.0, 71146.0]
Data: [228.0, 8.126550868486351, 7034228.0, 150.0, 70122.0]
Data: [228.0, 8.681592039800996, 7752192.0, 103.0, 69604.0]
Data: [228.0, 9.053549190535495, 8434680.0, 111.0, 58122.0]
Data: [218.0, 9.999999999999998, 6127364.0, 136.0, 86208.0]
Data: [218.0, 7.8553615960099705, 5624328.0, 171.0, 70462.0]
Data: [218.0, 7.78606965174129, 5477728.0, 91.0, 41948.0]
Data: [218.0, 10.0, 5314556.0, 234.0, 99866.0]
Data: [218.0, 7.657992565055759, 5669568.0, 102.0, 68750.0]
Data: [174.0, 10.000000000000002, 5430660.0, 125.0, 63302.0]
Data: [218.0, 10.000000000000002, 5434380.0, 150.0, 81196.0]
Data: [218.0, 7.786069651741289, 6107716.0, 103.0, 70496.0]
Data: [228.0, 8.742216687422168, 6818616.0, 128.0, 65118.0]
Data: [218.0, 10.000000000000004, 5660720.0, 92.0, 76610.0]
Data: [218.0, 0.6343283582089556, 5356908.0, 153.0, 70730.0]
Data: [199.0, 7.732342007434941, 6484548.0, 110.0, 71026.0]
Data: [228.0, 8.383084577114431, 7230572.0, 114.0, 71070.0]
Data: [228.0, 8.813982521847691, 7936676.0, 114.0, 71258.0]
Data: [238.0, 5.93788819875776, 5607808.0, 110.0, 57306.0]
Data: [218.0, 9.937733499377337, 6125964.0, 218.0, 84506.0]
Data: [218.0, 0.422885572139303, 5202448.0, 287.0, 70520.0]
Data: [218.0, 0.0, 5191428.0, 36013.0, 70384.0]
Data: [133.0, 0.6451612903225803, 6091540.0, 62877.0, 69510.0]
Data: [139.0, 0.0998751560549313, 7393276.0, 66610.0, 70368.0]
Data: [139.0, 0.6600249066002489, 7395320.0, 69532.0, 70524.0]
Data: [139.0, 0.6716417910447765, 7396884.0, 44995.0, 70700.0]
Data: [139.0, 0.6491885143570537, 7392656.0, 36969.0, 70600.0]
Data: [139.0, 0.7089552238805968, 7393432.0, 43175.0, 39490.0]
Data: [139.0, 0.735660847880299, 7394088.0, 36967.0, 39282.0]
Data: [139.0, 0.6832298136645959, 7392496.0, 53000.0, 39282.0]
Data: [139.0, 0.7089552238805974, 7395560.0, 34958.0, 39178.0]
Data: [122.0, 0.5853051058530511, 7392632.0, 39539.0, 39178.0]
Data: [122.0, 0.709838107098381, 7387492.0, 1886.0, 228222.0]
Data: [122.0, 1.144278606965174, 7353544.0, 154.0, 71878.0]
Data: [122.0, 0.759651307596513, 7353660.0, 103.0, 70356.0]
Data: [139.0, 0.72139303482587, 7353388.0, 137.0, 70934.0]
Data: [139.0, 0.708955223880597, 7354860.0, 124.0, 69896.0]
Data: [139.0, 0.745341614906832, 7354260.0, 134.0, 70950.0]
Data: [139.0, 0.34869240348692404, 7354900.0, 123.0, 69916.0]
Data: [139.0, 0.748129675810474, 7355004.0, 139.0, 70358.0]
Data: [133.0, 0.6716417910447758, 7356100.0, 114.0, 70460.0]
Data: [139.0, 0.7596513075965129, 7356528.0, 111.0, 69888.0]
Data: [139.0, 0.6600249066002489, 7356672.0, 165.0, 70110.0]
Data: [139.0, 0.7444168734491319, 7358436.0, 144.0, 70644.0]
Data: [139.0, 0.756823821339951, 7359464.0, 153.0, 70252.0]
X1 data: [0.54726368159204, 1.343283582089552, 1.3823163138231631, 1.32334581772784, 1.4427860696517412, 1.391304347826087, 1.417910447761194, 1.380597014925373, 1.2702366127023663, 1.4214463840398999, 1.3823163138231631, 1.332503113325031, 1.330845771144278, 1.366459627329193, 1.343283582089552, 1.36986301369863, 1.343283582089552, 1.359102244389028, 1.3823163138231631, 1.355721393034826, 1.318407960199005, 1.394769613947696, 1.3059701492537321, 1.3092269326683301, 1.357409713574097, 0.3491271820448879, 1.304347826086957, 1.293532338308458, 1.357409713574097, 1.273408239700374, 1.267080745341615, 1.234413965087282, 1.256218905472637, 1.290322580645161, 1.3275434243176183, 1.2453300124533002, 0.38461538461538497, 1.3200498132004979, 1.2967581047381551, 1.305970149253731, 1.2935323383084572, 1.267080745341615, 1.332503113325031, 1.295143212951432, 1.271820448877805, 1.2842892768079799, 1.296758104738155, 1.240694789081886, 1.2049689440993792, 1.2453300124533002, 1.2189054726368158, 1.2453300124533, 1.23134328358209, 1.271820448877805, 1.254658385093168, 1.2049689440993792, 1.3275434243176183, 1.318407960199005, 1.2484394506866408, 1.305970149253731, 0.323383084577114, 1.354037267080745, 1.2810945273631842, 1.2422360248447208, 1.2328767123287672, 1.172069825436409, 1.2204234122042341, 1.14713216957606, 1.243781094527363, 1.23134328358209, 1.2810945273631842, 0.360696517412935, 0.2732919254658386, 0.19900497512437829, 0.398505603985056, 0.398505603985056, 0.41044776119403, 0.360696517412935, 0.1364764267990079, 0.1612903225806447, 0.2114427860696513, 0.19925280199252798, 0.161892901618929, 0.19851116625310192, 0.149439601494396, 0.21065675340768242, 0.2357320099255587, 0.2119700748129676, 0.161892901618929, 0.1616915422885576, 0.1612903225806456, 0.459627329192547, 0.36069651741293596, 0.361596009975062, 0.36114570361145704, 0.336239103362391, 0.3245942571785273, 0.32298136645962705, 0.12453300124533001, 0.149439601494396, 0.1490683229813662, 0.12468827930174561, 0.12437810945273658, 0.136986301369863, 0.12422360248447221, 0.21118012422360244, 0.1492537313432836, 0.2114427860696516, 0.1496259351620946, 0.1496259351620946, 1.46583850931677, 0.6211180124223601, 0.136986301369863, 0.385572139303482, 0.38605230386052297, 0.39751552795031003, 0.348258706467661, 0.149439601494396, 0.1237623762376234, 0.1488833746898259, 0.12453300124533001, 0.12437810945273658, 0.11221945137157101, 0.12453300124533001, 0.19900497512437762, 0.1488833746898259, 0.136986301369863, 0.1872659176029964, 0.136986301369863, 0.136986301369863, 0.82089552238806, 0.286425902864259, 0.1488833746898259, 0.43640897755611, 0.38605230386052297, 0.39850560398505597, 0.39900249376558605, 0.1119402985074626, 0.1371571072319206, 0.1492537313432836, 0.13681592039800958, 0.124843945068664, 0.124688279301746, 0.136986301369863, 0.13681592039800958, 0.149439601494396, 0.17434620174346202, 0.1486988847583647, 0.13681592039800958, 0.6102117061021171, 0.560398505603985, 0.38605230386052297, 0.44665012406947896, 0.31133250311332505, 0.36069651741293596, 0.336239103362391, 0.174563591022444, 0.584577114427861, 0.1, 0.13681592039800958, 0.124378109452736, 0.124378109452736, 0.149439601494396, 0.1861042183622829, 0.23690773067331652, 0.149439601494396, 0.13681592039801, 0.13681592039800958, 0.1865671641791046, 0.11221945137157101, 0.12453300124533001, 0.1995012468827931, 0.187265917602996, 0.2114427860696516, 0.19900497512437762, 0.124378109452736, 0.124378109452736, 0.124688279301746, 0.12437810945273658, 0.13681592039801, 0.1496259351620946, 0.17412935323383089, 0.1616915422885569, 0.2611940298507458, 1.354037267080745, 0.1741293532338313, 0.136986301369863, 0.1614906832298134, 0.1492537313432836, 0.13681592039800958, 0.11221945137157101, 0.12453300124533001, 0.12437810945273658, 0.124688279301746, 0.1492537313432836, 0.1492537313432836, 0.12422360248447221, 0.12453300124533001, 0.1492537313432833, 0.1865671641791046, 0.112359550561798, 0.136986301369863, 0.12422360248447221, 0.12422360248447221, 0.13681592039801, 0.1371571072319206, 0.1371571072319206, 0.13681592039800958, 0.12453300124533001, 0.1490683229813664, 0.1990049751243779, 0.1490683229813662, 0.1371571072319206, 0.149439601494396, 0.12468827930174561, 0.136986301369863, 0.124223602484472, 0.1490683229813662, 1.5106117353308368, 0.534825870646767, 8.929016189290163, 9.987562189054724, 8.667496886674972, 9.987577639751555, 5.080745341614908, 8.49315068493151, 9.900373599003732, 9.98754669987547, 5.7338308457711396, 8.283582089552242, 8.718905472636814, 8.95652173913043, 10.000000000000002, 9.452736318407965, 7.173100871731006, 9.925373134328355, 7.238805970149259, 10.0, 9.999999999999998, 7.4161490683229765, 8.48258706467662, 9.999999999999996, 1.80572851805729, 7.487562189054726, 8.126550868486351, 8.681592039800996, 9.053549190535495, 9.999999999999998, 7.8553615960099705, 7.78606965174129, 10.0, 7.657992565055759, 10.000000000000002, 10.000000000000002, 7.786069651741289, 8.742216687422168, 10.000000000000004, 0.6343283582089556, 7.732342007434941, 8.383084577114431, 8.813982521847691, 5.93788819875776, 9.937733499377337, 0.422885572139303, 0.0, 0.6451612903225803, 0.0998751560549313, 0.6600249066002489, 0.6716417910447765, 0.6491885143570537, 0.7089552238805968, 0.735660847880299, 0.6832298136645959, 0.7089552238805974, 0.5853051058530511, 0.709838107098381, 1.144278606965174, 0.759651307596513, 0.72139303482587, 0.708955223880597, 0.745341614906832, 0.34869240348692404, 0.748129675810474, 0.6716417910447758, 0.7596513075965129, 0.6600249066002489, 0.7444168734491319, 0.756823821339951, 0.0, 0.0, 0.0, ]
X2 data: [5791872.0, 5801772.0, 5805576.0, 5810424.0, 5812584.0, 5815164.0, 5817464.0, 5819092.0, 5818244.0, 5822348.0, 5822856.0, 5821436.0, 5821192.0, 5822768.0, 5822960.0, 5823900.0, 5825800.0, 5826336.0, 5827060.0, 5826964.0, 5828700.0, 5830008.0, 5830880.0, 5831800.0, 5834044.0, 5834060.0, 5834336.0, 5836456.0, 5837608.0, 5838116.0, 5840108.0, 5839512.0, 5841512.0, 5843192.0, 5843800.0, 5844964.0, 5846016.0, 5847224.0, 5846684.0, 5847972.0, 5847996.0, 5849232.0, 5850004.0, 5850772.0, 5852432.0, 5854196.0, 5854956.0, 5855704.0, 5857540.0, 5859056.0, 5859676.0, 5859656.0, 5861044.0, 5861572.0, 5863076.0, 5865108.0, 5867032.0, 5867620.0, 5868140.0, 5869528.0, 5870460.0, 5873056.0, 5873520.0, 5875080.0, 5876632.0, 5877648.0, 5877312.0, 5877468.0, 5878336.0, 5879108.0, 5880516.0, 5875280.0, 6262504.0, 6265080.0, 6264916.0, 6264816.0, 6266472.0, 6267012.0, 6266372.0, 6266692.0, 6266864.0, 6267308.0, 6267824.0, 6268080.0, 6269004.0, 6269444.0, 6270080.0, 6271108.0, 6272648.0, 6273644.0, 6274540.0, 4957764.0, 6332648.0, 6336076.0, 6333964.0, 6332784.0, 6334448.0, 6334732.0, 6333772.0, 6333608.0, 6334436.0, 6334260.0, 6334588.0, 6335068.0, 6335388.0, 6335884.0, 6336428.0, 6337328.0, 6338968.0, 6339612.0, 4968420.0, 6371904.0, 6373908.0, 6374500.0, 6372212.0, 6371928.0, 6371376.0, 6371836.0, 6371536.0, 6371404.0, 6371324.0, 6371088.0, 6371312.0, 6372180.0, 6372376.0, 6373784.0, 6374196.0, 6374516.0, 6375444.0, 6376368.0, 5009220.0, 6403080.0, 6405936.0, 6408060.0, 6404224.0, 6405220.0, 6403720.0, 6404124.0, 6403720.0, 6403216.0, 6402692.0, 6403084.0, 6403164.0, 6403720.0, 6402160.0, 6402432.0, 6403748.0, 6404460.0, 6405036.0, 6381032.0, 5146184.0, 5426572.0, 5426768.0, 5730596.0, 5729684.0, 5730548.0, 5730852.0, 5984648.0, 5984624.0, 5985060.0, 5985732.0, 5985532.0, 5985276.0, 5986696.0, 6042576.0, 6179044.0, 6179984.0, 6180660.0, 6181228.0, 6181916.0, 6184944.0, 6196600.0, 6364248.0, 6364776.0, 6365732.0, 6366808.0, 6367460.0, 6368152.0, 6369504.0, 6371524.0, 6372360.0, 6410880.0, 6421600.0, 6403804.0, 5113180.0, 5588868.0, 5587872.0, 5588848.0, 5937348.0, 5936776.0, 5935424.0, 5934404.0, 5934052.0, 5934172.0, 6070188.0, 6070832.0, 6071616.0, 6073044.0, 6081900.0, 6224092.0, 6224768.0, 6225600.0, 6225408.0, 6226008.0, 6226432.0, 6300592.0, 6301720.0, 6302544.0, 6303212.0, 6460132.0, 6462996.0, 6464504.0, 6465672.0, 6466968.0, 6468380.0, 6469880.0, 6471980.0, 6474372.0, 5132788.0, 5170680.0, 5305164.0, 5309900.0, 5954552.0, 5413632.0, 5701920.0, 6449052.0, 5637444.0, 5642476.0, 6168492.0, 6928408.0, 7647732.0, 8335176.0, 6099948.0, 5747228.0, 5447512.0, 5302596.0, 5605368.0, 5418340.0, 5421476.0, 6030544.0, 6719428.0, 5648068.0, 5263840.0, 6277660.0, 7034228.0, 7752192.0, 8434680.0, 6127364.0, 5624328.0, 5477728.0, 5314556.0, 5669568.0, 5430660.0, 5434380.0, 6107716.0, 6818616.0, 5660720.0, 5356908.0, 6484548.0, 7230572.0, 7936676.0, 5607808.0, 6125964.0, 5202448.0, 5191428.0, 6091540.0, 7393276.0, 7395320.0, 7396884.0, 7392656.0, 7393432.0, 7394088.0, 7392496.0, 7395560.0, 7392632.0, 7387492.0, 7353544.0, 7353660.0, 7353388.0, 7354860.0, 7354260.0, 7354900.0, 7355004.0, 7356100.0, 7356528.0, 7356672.0, 7358436.0, 7359464.0, 0.0, 0.0, 0.0, ]
X3 data: [243.0, 136.0, 286.0, 130.0, 111.0, 134.0, 107.0, 133.0, 109.0, 107.0, 309.0, 110.0, 143.0, 111.0, 131.0, 111.0, 115.0, 111.0, 124.0, 112.0, 119.0, 112.0, 218.0, 109.0, 129.0, 123.0, 124.0, 113.0, 105.0, 120.0, 118.0, 126.0, 104.0, 121.0, 175.0, 119.0, 119.0, 136.0, 101.0, 108.0, 123.0, 109.0, 114.0, 106.0, 125.0, 124.0, 128.0, 117.0, 138.0, 115.0, 112.0, 133.0, 107.0, 128.0, 107.0, 128.0, 111.0, 188.0, 108.0, 118.0, 134.0, 108.0, 127.0, 108.0, 120.0, 111.0, 125.0, 114.0, 128.0, 173.0, 215.0, 3749.0, 37097.0, 37271.0, 28302.0, 22247.0, 20846.0, 17690.0, 19007.0, 19026.0, 14569.0, 14948.0, 13018.0, 12834.0, 13687.0, 11134.0, 11277.0, 11678.0, 12204.0, 9976.0, 4745.0, 11050.0, 41241.0, 32178.0, 21570.0, 25064.0, 30195.0, 21882.0, 15830.0, 15799.0, 13515.0, 12373.0, 13931.0, 13268.0, 11841.0, 11146.0, 11584.0, 11734.0, 11338.0, 5252.0, 2527.0, 25151.0, 36749.0, 28135.0, 29180.0, 17919.0, 26155.0, 17954.0, 17213.0, 17775.0, 14607.0, 12453.0, 14526.0, 11827.0, 11972.0, 11648.0, 11733.0, 11507.0, 10904.0, 2667.0, 4794.0, 30072.0, 38110.0, 25793.0, 25032.0, 22771.0, 22790.0, 19549.0, 19374.0, 15018.0, 13052.0, 11927.0, 13343.0, 12797.0, 11813.0, 12076.0, 11031.0, 11659.0, 11499.0, 5305.0, 43987.0, 36597.0, 21162.0, 23560.0, 23700.0, 19501.0, 18856.0, 15361.0, 15650.0, 15139.0, 13849.0, 13509.0, 12138.0, 12507.0, 12247.0, 11964.0, 10323.0, 12004.0, 10213.0, 12186.0, 10710.0, 10558.0, 9873.0, 9694.0, 10642.0, 10770.0, 10246.0, 10222.0, 10096.0, 10656.0, 9213.0, 9034.0, 8404.0, 5141.0, 41517.0, 35559.0, 32706.0, 21520.0, 20978.0, 18532.0, 18660.0, 16585.0, 17452.0, 14268.0, 12117.0, 11538.0, 13118.0, 13577.0, 10975.0, 10517.0, 10788.0, 11519.0, 10223.0, 11203.0, 10883.0, 10414.0, 9434.0, 9916.0, 9689.0, 8969.0, 9839.0, 9556.0, 9508.0, 9566.0, 9797.0, 9742.0, 9091.0, 4393.0, 1516.0, 208.0, 154.0, 149.0, 104.0, 151.0, 121.0, 54.0, 190.0, 352.0, 180.0, 111.0, 120.0, 121.0, 159.0, 165.0, 127.0, 147.0, 92.0, 82.0, 161.0, 206.0, 100.0, 159.0, 98.0, 123.0, 150.0, 103.0, 111.0, 136.0, 171.0, 91.0, 234.0, 102.0, 125.0, 150.0, 103.0, 128.0, 92.0, 153.0, 110.0, 114.0, 114.0, 110.0, 218.0, 287.0, 36013.0, 62877.0, 66610.0, 69532.0, 44995.0, 36969.0, 43175.0, 36967.0, 53000.0, 34958.0, 39539.0, 1886.0, 154.0, 103.0, 137.0, 124.0, 134.0, 123.0, 139.0, 114.0, 111.0, 165.0, 144.0, 153.0, 0.0, 0.0, 0.0, ]
X4 data: [2.7350677E8, 1.811253722E9, 1.818195572E9, 1.817019206E9, 1.875139602E9, 1.85297894E9, 1.799214352E9, 2.072431728E9, 2.05380754E9, 2.075709796E9, 1.8058012E9, 1.832831514E9, 6.14261176E8, 1.773719282E9, 1.80012901E9, 1.781481946E9, 1.794538576E9, 1.805529984E9, 1.83370393E9, 1.79311891E9, 1.795997978E9, 1.798495764E9, 1.79682446E9, 1.808465656E9, 9.96608268E8, 1.633944612E9, 2.100174626E9, 2.06112324E9, 2.08605925E9, 2.078189238E9, 2.076611866E9, 2.092579332E9, 2.104468892E9, 2.071769462E9, 2.079866464E9, 8.34722108E8, 1.508976476E9, 1.732061754E9, 1.702733616E9, 1.824854504E9, 1.805311554E9, 1.788809892E9, 1.74241472E9, 1.784946796E9, 1.79476976E9, 1.777213162E9, 1.836687888E9, 1.94766058E9, 6.92589954E8, 2.054831094E9, 2.061180128E9, 2.063960354E9, 2.068892548E9, 2.11681528E9, 2.166675712E9, 1.80582925E9, 1.785269032E9, 1.752701734E9, 1.846780996E9, 8.1016851E8, 2.039051556E9, 2.168532488E9, 2.110913794E9, 2.094112132E9, 2.123035886E9, 2.094046872E9, 2.079766408E9, 2.114751256E9, 2.16244248E9, 2.086775872E9, 1.42970544E8, 46948.0, 40470.0, 122986.0, 67392.0, 72200.0, 69074.0, 39386.0, 39080.0, 39186.0, 39184.0, 38972.0, 39452.0, 39082.0, 39074.0, 39184.0, 39184.0, 109648.0, 39180.0, 39082.0, 477256.0, 66824.0, 72362.0, 66924.0, 72412.0, 69956.0, 66720.0, 42052.0, 39038.0, 109870.0, 109390.0, 38976.0, 39080.0, 38966.0, 109404.0, 39182.0, 39080.0, 39076.0, 39078.0, 266778.0, 237250.0, 40258.0, 114356.0, 69386.0, 69172.0, 65092.0, 44202.0, 38970.0, 39080.0, 38974.0, 38972.0, 38976.0, 38940.0, 39072.0, 39184.0, 39556.0, 39174.0, 39080.0, 38968.0, 542422.0, 58760.0, 40470.0, 112532.0, 72252.0, 67236.0, 67442.0, 44098.0, 39080.0, 39080.0, 39080.0, 39080.0, 39044.0, 39044.0, 39072.0, 39080.0, 39074.0, 38972.0, 38976.0, 38976.0, 474716.0, 69486.0, 66928.0, 61662.0, 75262.0, 70698.0, 44194.0, 69038.0, 39390.0, 39068.0, 39080.0, 39148.0, 39148.0, 39074.0, 39184.0, 39178.0, 39180.0, 39146.0, 39184.0, 38976.0, 39044.0, 39142.0, 39184.0, 39520.0, 39182.0, 39080.0, 39044.0, 39044.0, 39044.0, 39080.0, 39252.0, 39286.0, 39080.0, 39078.0, 639582.0, 113172.0, 85866.0, 40756.0, 70010.0, 39080.0, 39080.0, 39044.0, 38934.0, 39556.0, 39148.0, 39082.0, 38978.0, 39080.0, 39076.0, 140724.0, 39080.0, 39044.0, 38968.0, 38976.0, 39080.0, 39042.0, 39080.0, 39080.0, 39080.0, 39178.0, 69488.0, 39700.0, 39182.0, 39078.0, 39072.0, 39182.0, 38966.0, 39042.0, 171392.0, 1042842.0, 52744.0, 75528.0, 77660.0, 64200.0, 96002.0, 64108.0, 46998.0, 81612.0, 86404.0, 63336.0, 62844.0, 75038.0, 58112.0, 81720.0, 88794.0, 53560.0, 88148.0, 71008.0, 56068.0, 85894.0, 70804.0, 56340.0, 85998.0, 71038.0, 71146.0, 70122.0, 69604.0, 58122.0, 86208.0, 70462.0, 41948.0, 99866.0, 68750.0, 63302.0, 81196.0, 70496.0, 65118.0, 76610.0, 70730.0, 71026.0, 71070.0, 71258.0, 57306.0, 84506.0, 70520.0, 70384.0, 69510.0, 70368.0, 70524.0, 70700.0, 70600.0, 39490.0, 39282.0, 39282.0, 39178.0, 39178.0, 228222.0, 71878.0, 70356.0, 70934.0, 69896.0, 70950.0, 69916.0, 70358.0, 70460.0, 69888.0, 70110.0, 70644.0, 70252.0, 0.0, 0.0, 0.0, ]
Y data: [122.0, 122.0, 146.0, 146.0, 146.0, 152.0, 152.0, 146.0, 146.0, 146.0, 146.0, 146.0, 146.0, 128.0, 152.0, 146.0, 146.0, 146.0, 146.0, 146.0, 146.0, 146.0, 146.0, 146.0, 146.0, 146.0, 133.0, 152.0, 146.0, 146.0, 146.0, 146.0, 152.0, 152.0, 146.0, 146.0, 146.0, 146.0, 146.0, 146.0, 146.0, 146.0, 146.0, 146.0, 146.0, 146.0, 146.0, 146.0, 146.0, 122.0, 152.0, 152.0, 146.0, 146.0, 146.0, 146.0, 146.0, 152.0, 146.0, 146.0, 146.0, 146.0, 146.0, 146.0, 146.0, 146.0, 146.0, 146.0, 146.0, 146.0, 146.0, 128.0, 128.0, 122.0, 122.0, 117.0, 117.0, 117.0, 122.0, 122.0, 122.0, 122.0, 122.0, 122.0, 122.0, 122.0, 128.0, 128.0, 122.0, 128.0, 128.0, 128.0, 133.0, 122.0, 122.0, 122.0, 122.0, 122.0, 122.0, 122.0, 122.0, 122.0, 122.0, 122.0, 122.0, 122.0, 122.0, 122.0, 122.0, 122.0, 122.0, 133.0, 122.0, 128.0, 122.0, 122.0, 122.0, 122.0, 122.0, 128.0, 122.0, 128.0, 128.0, 128.0, 128.0, 128.0, 128.0, 128.0, 128.0, 128.0, 128.0, 133.0, 122.0, 122.0, 122.0, 122.0, 122.0, 122.0, 122.0, 122.0, 122.0, 122.0, 122.0, 122.0, 122.0, 122.0, 122.0, 122.0, 122.0, 122.0, 133.0, 128.0, 122.0, 128.0, 122.0, 122.0, 122.0, 117.0, 117.0, 117.0, 117.0, 117.0, 117.0, 117.0, 117.0, 117.0, 117.0, 117.0, 117.0, 117.0, 117.0, 117.0, 133.0, 133.0, 133.0, 133.0, 133.0, 133.0, 133.0, 133.0, 122.0, 117.0, 117.0, 117.0, 128.0, 128.0, 128.0, 128.0, 128.0, 128.0, 128.0, 128.0, 128.0, 128.0, 128.0, 128.0, 128.0, 128.0, 128.0, 128.0, 128.0, 128.0, 128.0, 128.0, 128.0, 128.0, 128.0, 128.0, 128.0, 128.0, 128.0, 128.0, 128.0, 128.0, 128.0, 128.0, 128.0, 128.0, 128.0, 133.0, 199.0, 208.0, 218.0, 208.0, 139.0, 228.0, 208.0, 218.0, 146.0, 228.0, 228.0, 228.0, 218.0, 218.0, 128.0, 218.0, 182.0, 218.0, 218.0, 199.0, 228.0, 199.0, 218.0, 218.0, 228.0, 228.0, 228.0, 218.0, 218.0, 218.0, 218.0, 218.0, 174.0, 218.0, 218.0, 228.0, 218.0, 218.0, 199.0, 228.0, 228.0, 238.0, 218.0, 218.0, 218.0, 133.0, 139.0, 139.0, 139.0, 139.0, 139.0, 139.0, 139.0, 139.0, 122.0, 122.0, 122.0, 122.0, 139.0, 139.0, 139.0, 139.0, 139.0, 133.0, 139.0, 139.0, 139.0, 139.0, 0.0, 0.0, 0.0, ]
Testing... weights: [43.85376892893859, 10.172908095481045, 1.2763642759235027E-5, -1.8724102429497473E-6, 7.5520007875256E-9, 
Power model: y = 43.85376892893859 + 10.172908095481045x1 + 1.2763642759235027E-5x2 + -1.8724102429497473E-6x3 + 7.5520007875256E-9x4...So Power Model: y = 43.85376892893859 + 10.172908095481045*CPU + 1.2763642759235027E-5*MEMORY + -1.8724102429497473E-6*HDD + 7.5520007875256E-9*NET
Using power model....
Predicted: 125.41148552772964, actual: 122.0, error: 2.7962996128931463
Predicted: 145.24894942139633, actual: 122.0, error: 19.056515919177322
Predicted: 145.7467227062245, actual: 146.0, error: -0.17347759847637756
Predicted: 145.2001075882381, actual: 146.0, error: -0.5478715149054127
Predicted: 146.8816926144789, actual: 146.0, error: 0.6038990510129506
Predicted: 146.22350358575656, actual: 152.0, error: -3.800326588318052
Predicted: 146.1175417176814, actual: 152.0, error: -3.8700383436306542
Predicted: 147.8220239611791, actual: 146.0, error: 1.247961617245958
Predicted: 146.5479092183271, actual: 146.0, error: 0.37528028652541534
Predicted: 148.3039439145475, actual: 146.0, error: 1.578043777087321
Predicted: 145.87363308056362, actual: 146.0, error: -0.08655268454546478
Predicted: 145.55326915948964, actual: 146.0, error: -0.3059800277468186
Predicted: 136.33058889919943, actual: 146.0, error: -6.622884315616831
Predicted: 145.46928933282555, actual: 128.0, error: 13.647882291269964
Predicted: 145.43538101244522, actual: 152.0, error: -4.31882828128604
Predicted: 145.57698375782002, actual: 146.0, error: -0.28973715217807067
Predicted: 145.42944075447474, actual: 146.0, error: -0.39079400378442464
Predicted: 145.6802184762727, actual: 146.0, error: -0.21902844090910994
Predicted: 146.13835926955247, actual: 146.0, error: 0.09476662298114172
Predicted: 145.56011064078243, actual: 146.0, error: -0.3012940816558725
Predicted: 145.22441181857837, actual: 146.0, error: -0.5312247817956337
Predicted: 146.03680313762263, actual: 146.0, error: 0.025207628508648626
Predicted: 145.13176407623908, actual: 146.0, error: -0.5946821395622743
Predicted: 145.26475600001743, actual: 146.0, error: -0.5035917808099808
Predicted: 139.65237153456886, actual: 146.0, error: -4.347690729747359
Predicted: 134.20858603159556, actual: 146.0, error: -8.076310937263315
Predicted: 147.45044818022907, actual: 133.0, error: 10.864998631751185
Predicted: 147.07258663838692, actual: 152.0, error: -3.2417193168507086
Predicted: 147.92544076924312, actual: 146.0, error: 1.3187950474267973
Predicted: 147.01792300318704, actual: 146.0, error: 0.6972075364294767
Predicted: 146.96707059121135, actual: 146.0, error: 0.6623771172680503
Predicted: 146.7477186433491, actual: 146.0, error: 0.5121360570884168
Predicted: 147.0848967429439, actual: 152.0, error: -3.2336205638526994
Predicted: 147.20629526394185, actual: 152.0, error: -3.1537531158277274
Predicted: 147.65374723598313, actual: 146.0, error: 1.132703586289817
Predicted: 137.42902833092182, actual: 146.0, error: -5.8705285404645045
Predicted: 133.77845439580182, actual: 146.0, error: -8.370921646711086
Predicted: 144.9946697117674, actual: 146.0, error: -0.6885823892004203
Predicted: 144.52941234818906, actual: 146.0, error: -1.0072518163088664
Predicted: 145.56180913776905, actual: 146.0, error: -0.30013072755544784
Predicted: 145.2879702975958, actual: 146.0, error: -0.48769157698918414
Predicted: 144.91006218513937, actual: 146.0, error: -0.7465327499045432
Predicted: 145.23506571670094, actual: 146.0, error: -0.523927591300723
Predicted: 145.18602661211213, actual: 146.0, error: -0.5575160191012809
Predicted: 145.04410137970808, actual: 146.0, error: -0.654725082391725
Predicted: 145.06087511661536, actual: 146.0, error: -0.6432362214963261
Predicted: 145.64656541365335, actual: 146.0, error: -0.24207848379907618
Predicted: 145.9238721146286, actual: 146.0, error: -0.05214238724067932
Predicted: 136.10553674852676, actual: 146.0, error: -6.77702962429674
Predicted: 146.823165097465, actual: 122.0, error: 20.346856637266388
Predicted: 146.610217667956, actual: 152.0, error: -3.54590942897632
Predicted: 146.89973375844568, actual: 152.0, error: -3.3554383168120547
Predicted: 146.81246060287077, actual: 146.0, error: 0.5564798649799806
Predicted: 147.59284347795588, actual: 146.0, error: 1.0909886835314255
Predicted: 147.8140372414013, actual: 146.0, error: 1.242491261233773
Predicted: 144.6093347611275, actual: 146.0, error: -0.9525104375838948
Predicted: 145.7255919803542, actual: 146.0, error: -0.18795069838752745
Predicted: 145.39407032967614, actual: 152.0, error: -4.346006362055172
Predicted: 145.39956066059713, actual: 146.0, error: -0.41125982150881385
Predicted: 138.17401407120545, actual: 146.0, error: -5.360264334790789
Predicted: 137.47063765409837, actual: 146.0, error: -5.842029004042214
Predicted: 148.96641113063376, actual: 146.0, error: 2.031788445639561
Predicted: 147.7951216752359, actual: 146.0, error: 1.2295353939971851
Predicted: 147.29287839423083, actual: 146.0, error: 0.8855331467334422
Predicted: 147.4358858857948, actual: 146.0, error: 0.9834834834210887
Predicted: 146.61136267004449, actual: 146.0, error: 0.41874155482499004
Predicted: 146.9910983912357, actual: 146.0, error: 0.6788345145450067
Predicted: 146.51173064020625, actual: 146.0, error: 0.3505004384974332
Predicted: 147.8661480606406, actual: 146.0, error: 1.2781836031784912
Predicted: 147.17795434352914, actual: 146.0, error: 0.8068180435131078
Predicted: 133.02234237407245, actual: 146.0, error: -8.88880659310106
Predicted: 122.50641136675098, actual: 128.0, error: -4.291866119725796
Predicted: 126.4971512309092, actual: 128.0, error: -1.1741006008521904
Predicted: 125.77461341765445, actual: 122.0, error: 3.093945424306926
Predicted: 127.8183955441695, actual: 122.0, error: 4.769176675548774
Predicted: 127.82849293393443, actual: 117.0, error: 9.255122165755921
Predicted: 127.97371563328832, actual: 117.0, error: 9.37924413101566
Predicted: 127.48017829268473, actual: 117.0, error: 8.95741734417498
Predicted: 125.18857091114069, actual: 122.0, error: 2.6135827140497434
Predicted: 125.44504998281853, actual: 122.0, error: 2.823811461326665
Predicted: 125.9657870485576, actual: 122.0, error: 3.250645121768526
Predicted: 125.8467352737345, actual: 122.0, error: 3.153061699782373
Predicted: 125.47687985717057, actual: 122.0, error: 2.849901522270961
Predicted: 125.8530033197008, actual: 122.0, error: 3.158199442377708
Predicted: 125.36399918086533, actual: 122.0, error: 2.7573763777584714
Predicted: 125.99715273803069, actual: 122.0, error: 3.2763547033038467
Predicted: 126.26009094018781, actual: 128.0, error: -1.3593039529782747
Predicted: 126.0312652905492, actual: 128.0, error: -1.5380739917584374
Predicted: 125.53997375763467, actual: 122.0, error: 2.901617834126778
Predicted: 125.55480892578606, actual: 128.0, error: -1.9103055267296387
Predicted: 125.5752672468576, actual: 128.0, error: -1.8943224633924949
Predicted: 111.7884586092979, actual: 128.0, error: -12.665266711486012
Predicted: 128.27408464997612, actual: 133.0, error: -3.553319812048032
Predicted: 128.34391745877346, actual: 122.0, error: 5.199932343256935
Predicted: 128.33228369325172, actual: 122.0, error: 5.190396469878463
Predicted: 128.05728929038838, actual: 122.0, error: 4.9649912216298215
Predicted: 127.95043426669417, actual: 122.0, error: 4.877405136634569
Predicted: 127.95303040578057, actual: 122.0, error: 4.879533119492268
Predicted: 125.93328939276817, actual: 122.0, error: 3.2240076989903064
Predicted: 126.1851616786976, actual: 122.0, error: 3.4304603923750796
Predicted: 126.19622595274588, actual: 122.0, error: 3.4395294694638334
Predicted: 125.94757013381766, actual: 122.0, error: 3.2357132244407074
Predicted: 125.9456848495243, actual: 122.0, error: 3.2341679094461457
Predicted: 126.08131392273484, actual: 122.0, error: 3.345339280930194
Predicted: 125.95876840285457, actual: 122.0, error: 3.244892133487356
Predicted: 126.85047088213757, actual: 122.0, error: 3.9757958050307964
Predicted: 126.22662191435195, actual: 122.0, error: 3.4644441920917637
Predicted: 126.87047183936701, actual: 122.0, error: 3.992190032268044
Predicted: 126.26328856001776, actual: 122.0, error: 3.4944988196866853
Predicted: 126.2846234252726, actual: 122.0, error: 3.511986414157868
Predicted: 122.17780745637643, actual: 122.0, error: 0.14574381670199
Predicted: 131.4542627763271, actual: 133.0, error: -1.162208438851795
Predicted: 126.53365708792818, actual: 122.0, error: 3.716112367154243
Predicted: 129.08584337593587, actual: 128.0, error: 0.8483151374498954
Predicted: 129.05956654638018, actual: 122.0, error: 5.78652995604933
Predicted: 129.1936103965625, actual: 122.0, error: 5.896401964395484
Predicted: 128.66990081568352, actual: 122.0, error: 5.467131816134032
Predicted: 126.66851973316825, actual: 122.0, error: 3.8266555189903713
Predicted: 126.40486687436648, actual: 122.0, error: 3.610546618333178
Predicted: 126.6576825869746, actual: 128.0, error: -1.0486854789260924
Predicted: 126.41487916495805, actual: 122.0, error: 3.618753413900042
Predicted: 126.41432444716737, actual: 128.0, error: -1.2388090256504891
Predicted: 126.28961281361569, actual: 128.0, error: -1.336239989362742
Predicted: 126.43101089883542, actual: 128.0, error: -1.2257727352848247
Predicted: 127.1908384651157, actual: 128.0, error: -0.6321574491283566
Predicted: 126.69953670956461, actual: 128.0, error: -1.0159869456526471
Predicted: 126.58360545715729, actual: 128.0, error: -1.106558236595867
Predicted: 127.09960219268278, actual: 128.0, error: -0.7034357869665775
Predicted: 126.60108515570003, actual: 128.0, error: -1.0929022221093487
Predicted: 126.63210388978524, actual: 128.0, error: -1.0686688361052799
Predicted: 116.1320256374611, actual: 128.0, error: -9.271854970733518
Predicted: 128.4381775023904, actual: 133.0, error: -3.429941727526013
Predicted: 127.06091674652008, actual: 122.0, error: 4.148292415180392
Predicted: 130.03575653916783, actual: 122.0, error: 6.586685687842488
Predicted: 129.47590841540304, actual: 122.0, error: 6.127793783117246
Predicted: 129.619542356515, actual: 122.0, error: 6.245526521733616
Predicted: 129.6052398367461, actual: 122.0, error: 6.233803144873859
Predicted: 126.69616960403033, actual: 122.0, error: 3.8493193475658454
Predicted: 126.94786904176335, actual: 122.0, error: 4.05563036210111
Predicted: 127.07265023018147, actual: 122.0, error: 4.157910024738907
Predicted: 126.94311453225802, actual: 122.0, error: 4.051733223162313
Predicted: 126.82843426512414, actual: 122.0, error: 3.9577330042001186
Predicted: 126.82522045010039, actual: 122.0, error: 3.9550987295904823
Predicted: 126.95844623117837, actual: 122.0, error: 4.064300189490468
Predicted: 126.93864419060111, actual: 122.0, error: 4.048069008689435
Predicted: 127.07004295984594, actual: 122.0, error: 4.155772917906504
Predicted: 127.34216836742152, actual: 122.0, error: 4.378826530673378
Predicted: 127.08917243905647, actual: 122.0, error: 4.171452818898745
Predicted: 126.9759395785849, actual: 122.0, error: 4.0786389988400815
Predicted: 131.50026133641612, actual: 122.0, error: 7.787099456078785
Predicted: 115.15686862155408, actual: 133.0, error: -13.415888254470614
Predicted: 116.97585079407543, actual: 128.0, error: -8.612616567128573
Predicted: 117.6236694070922, actual: 122.0, error: -3.587156223694923
Predicted: 120.1206604051071, actual: 128.0, error: -6.155734058510076
Predicted: 120.61089893883903, actual: 122.0, error: -1.1386074271811242
Predicted: 120.38078579317495, actual: 122.0, error: -1.327224759692663
Predicted: 118.74135113876395, actual: 122.0, error: -2.671023656750864
Predicted: 126.1580626800742, actual: 117.0, error: 7.827404000063415
Predicted: 121.22765434409546, actual: 117.0, error: 3.613379781278167
Predicted: 121.60870115925613, actual: 117.0, error: 3.9390608198770325
Predicted: 121.49316554228459, actual: 117.0, error: 3.840312429303065
Predicted: 121.49124943321534, actual: 117.0, error: 3.838674729243884
Predicted: 121.74549671153942, actual: 117.0, error: 4.055980095332835
Predicted: 122.13591677335103, actual: 117.0, error: 4.389672455855579
Predicted: 123.366455373756, actual: 117.0, error: 5.4414148493641
Predicted: 124.21900884160524, actual: 117.0, error: 6.17009302701303
Predicted: 124.10565948661937, actual: 117.0, error: 6.073213236426815
Predicted: 124.11114047448224, actual: 117.0, error: 6.077897841437813
Predicted: 124.6278569701194, actual: 117.0, error: 6.51953587189692
Predicted: 123.87661215496422, actual: 117.0, error: 5.877446286294206
Predicted: 124.04328949404872, actual: 117.0, error: 6.019905550468993
Predicted: 124.95499251054069, actual: 117.0, error: 6.799138897898027
Predicted: 126.97160795004828, actual: 133.0, error: -4.532625601467458
Predicted: 127.22462882323019, actual: 133.0, error: -4.342384343435947
Predicted: 127.10852634283839, actual: 133.0, error: -4.429679441474896
Predicted: 126.36284783613277, actual: 133.0, error: -4.990339972832502
Predicted: 126.3721508741791, actual: 133.0, error: -4.983345207384136
Predicted: 126.38418358218229, actual: 133.0, error: -4.974298058509557
Predicted: 126.39852089338746, actual: 133.0, error: -4.963518125272589
Predicted: 126.54978490862445, actual: 133.0, error: -4.849785782989138
Predicted: 126.69347256161656, actual: 122.0, error: 3.847108657062753
Predicted: 127.43473270649251, actual: 117.0, error: 8.918574962814112
Predicted: 127.44620985256535, actual: 117.0, error: 8.92838448937209
Predicted: 128.24194240856752, actual: 117.0, error: 9.608497785100448
Predicted: 122.81418630744926, actual: 128.0, error: -4.051416947305264
Predicted: 116.89355284090283, actual: 128.0, error: -8.676911843044666
Predicted: 116.5079887153844, actual: 128.0, error: -8.978133816105938
Predicted: 116.79089256252392, actual: 128.0, error: -8.757115185528185
Predicted: 121.11531794017418, actual: 128.0, error: -5.378657859238922
Predicted: 120.9860683443149, actual: 128.0, error: -5.479634106003983
Predicted: 120.718354340042, actual: 128.0, error: -5.688785671842189
Predicted: 120.83448445615647, actual: 128.0, error: -5.598059018627755
Predicted: 120.82679727159828, actual: 128.0, error: -5.604064631563843
Predicted: 120.8374429110946, actual: 128.0, error: -5.595747725707345
Predicted: 122.82743168657774, actual: 128.0, error: -4.041068994861141
Predicted: 122.83673481263727, actual: 128.0, error: -4.033800927627129
Predicted: 122.589154670182, actual: 128.0, error: -4.227222913920315
Predicted: 122.60966917069173, actual: 128.0, error: -4.2111959603970845
Predicted: 122.9798253635354, actual: 128.0, error: -3.922011434737971
Predicted: 125.17438932604547, actual: 128.0, error: -2.2075083390269756
Predicted: 124.42760262018902, actual: 128.0, error: -2.790935452977328
Predicted: 124.6873783377858, actual: 128.0, error: -2.5879856736048423
Predicted: 124.55752065965552, actual: 128.0, error: -2.6894369846441224
Predicted: 124.56334466868105, actual: 128.0, error: -2.6848869775929263
Predicted: 124.69745583035619, actual: 128.0, error: -2.580112632534226
Predicted: 125.64835688706579, actual: 128.0, error: -1.8372211819798534
Predicted: 125.66458923813629, actual: 128.0, error: -1.8245396577060258
Predicted: 125.67073311572803, actual: 128.0, error: -1.8197397533374793
Predicted: 125.55473199862801, actual: 128.0, error: -1.9103656260718638
Predicted: 127.80877543003972, actual: 128.0, error: -0.14939419528147146
Predicted: 128.3514775198382, actual: 128.0, error: 0.2745918123735924
Predicted: 127.86325010043461, actual: 128.0, error: -0.106835859035459
Predicted: 127.75707542233641, actual: 128.0, error: -0.18978482629967708
Predicted: 127.89845714356174, actual: 128.0, error: -0.07933035659238863
Predicted: 127.66425478518427, actual: 128.0, error: -0.2623009490747896
Predicted: 127.80860824890948, actual: 128.0, error: -0.14952480553946934
Predicted: 127.7067976489127, actual: 128.0, error: -0.22906433678695493
Predicted: 127.99986743129122, actual: 128.0, error: -1.0356930373323081E-4
Predicted: 124.73919264097972, actual: 128.0, error: -2.547505749234591
Predicted: 115.29122456183417, actual: 133.0, error: -13.314868750500624
Predicted: 202.40133011714218, actual: 199.0, error: 1.7092111141417992
Predicted: 213.2302953626108, actual: 208.0, error: 2.514565078178271
Predicted: 208.0294828020249, actual: 218.0, error: -4.573631742190419
Predicted: 214.55458550580863, actual: 208.0, error: 3.1512430316387654
Predicted: 168.31725184949494, actual: 139.0, error: 21.091548093161823
Predicted: 212.5674599703288, actual: 228.0, error: -6.768657907750527
Predicted: 216.52394152966554, actual: 208.0, error: 4.098048812339199
Predicted: 217.4747049823247, actual: 218.0, error: -0.24096101728224328
Predicted: 180.9160726888801, actual: 146.0, error: 23.91511828005486
Predicted: 216.55387958995294, actual: 228.0, error: -5.02022825002064
Predicted: 230.1636541594356, actual: 228.0, error: 0.9489711225594715
Predicted: 241.35506253587042, actual: 228.0, error: 5.857483568364217
Predicted: 223.440726441935, actual: 218.0, error: 2.4957460742821094
Predicted: 213.3715134194593, actual: 218.0, error: -2.123158981899408
Predicted: 186.35532864038035, actual: 128.0, error: 45.59010050029715
Predicted: 212.50450912782588, actual: 218.0, error: -2.520867372556934
Predicted: 189.03875546106377, actual: 182.0, error: 3.8674480555295454
Predicted: 214.7408758797628, actual: 218.0, error: -1.4950110643289922
Predicted: 214.78097998902203, actual: 218.0, error: -1.476614683934849
Predicted: 196.26943007857759, actual: 199.0, error: -1.3721456891569923
Predicted: 215.91096432691134, actual: 228.0, error: -5.302208628547658
Predicted: 217.67312385935116, actual: 199.0, error: 9.383479326307118
Predicted: 129.40940547312442, actual: 218.0, error: -40.637887397649344
Predicted: 200.1501675295187, actual: 218.0, error: -8.187996546092334
Predicted: 216.30704602617294, actual: 228.0, error: -5.128488585011868
Predicted: 231.11734895250143, actual: 228.0, error: 1.3672583125006272
Predicted: 243.61216619049029, actual: 228.0, error: 6.847441311618546
Predicted: 223.79073143063724, actual: 218.0, error: 2.656298821393228
Predicted: 195.5527658016101, actual: 218.0, error: -10.296896421279774
Predicted: 192.9766496473727, actual: 218.0, error: -11.47860107918683
Predicted: 213.4162601358119, actual: 218.0, error: -2.1026329652238944
Predicted: 194.12249225452794, actual: 218.0, error: -10.952985204344982
Predicted: 214.89809807608984, actual: 174.0, error: 23.5046540667183
Predicted: 214.9456671524002, actual: 218.0, error: -1.4010701135778878
Predicted: 201.01778454757326, actual: 218.0, error: -7.790007088269148
Predicted: 219.81816667994536, actual: 228.0, error: -3.5885233859888754
Predicted: 217.83466402084395, actual: 218.0, error: -0.07584219227341958
Predicted: 118.6806406996924, actual: 218.0, error: -45.55933912858146
Predicted: 205.28095808379484, actual: 199.0, error: 3.156260343615499
Predicted: 221.42287910742408, actual: 228.0, error: -2.8847021458666315
Predicted: 234.81882492437023, actual: 228.0, error: 2.9907126861272952
Predicted: 175.83564464035342, actual: 238.0, error: -26.11947704186831
Predicted: 223.13926455136746, actual: 218.0, error: 2.357460803379569
Predicted: 114.55792792006919, actual: 218.0, error: -47.45049177978478
Predicted: 110.04840176117264, actual: 218.0, error: -49.51908176092998
Predicted: 128.04996925647148, actual: 133.0, error: -3.721827626713169
Predicted: 139.11073356984187, actual: 139.0, error: 0.07966443873515787
Predicted: 144.82970438302812, actual: 139.0, error: 4.194031930236054
Predicted: 145.013788877397, actual: 139.0, error: 4.326466818271216
Predicted: 144.74643628503415, actual: 139.0, error: 4.134126823765576
Predicted: 145.35248699425537, actual: 139.0, error: 4.570134528241275
Predicted: 145.64415615445895, actual: 139.0, error: 4.779968456445291
Predicted: 145.06043998933367, actual: 139.0, error: 4.360028769304801
Predicted: 145.39503126478908, actual: 139.0, error: 4.600741917114448
Predicted: 144.09120052077748, actual: 122.0, error: 18.107541410473342
Predicted: 145.36438769683286, actual: 122.0, error: 19.15113745642038
Predicted: 149.35267313507177, actual: 122.0, error: 22.420223881206365
Predicted: 145.44145954891854, actual: 122.0, error: 19.21431110567094
Predicted: 145.04873064840862, actual: 139.0, error: 4.351604783027786
Predicted: 144.9410065252513, actual: 139.0, error: 4.274105413849863
Predicted: 145.3034929871383, actual: 139.0, error: 4.53488704110669
Predicted: 141.27659853232836, actual: 139.0, error: 1.6378406707398305
Predicted: 145.34133799185287, actual: 139.0, error: 4.562113663203502
Predicted: 144.57727030273793, actual: 133.0, error: 8.70471451333679
Predicted: 145.4780471627337, actual: 139.0, error: 4.660465584700505
Predicted: 144.46629547246357, actual: 139.0, error: 3.9325866708371016
Predicted: 145.34736561442497, actual: 139.0, error: 4.566450082320125
Predicted: 145.48668156774366, actual: 139.0, error: 4.666677386865942
Regression Analysis took: 24835ms
Number of measurements: 291
Database Update took: 1ms
Number of bigErrors: 78
AvgError: 4.92760336943259
...So Power Model: y = 43.85376892893859 + 10.172908095481045*CPU + 1.2763642759235027E-5*MEMORY + -1.8724102429497473E-6*HDD + 7.5520007875256E-9*NET
Coefficient of Determination: 
0.795237821038634

