Analysis of start_t: '2011-04-29 18:06:20' to: '2011-04-29 18:22:19'
Rs1 has 320 results!
Rs2 has 318 results!
Rs3 has 318 results!
Rs4 has 318 results!
Data: [117.0, 0.1870324189526184, 5881128.0, 385.0, 34610.0]
Data: [152.0, 7.754342431761783, 6290748.0, 32.0, 6514.0]
Data: [199.0, 10.0, 6023664.0, 102.0, 64252.0]
Data: [190.0, 7.5930521091811425, 6464336.0, 0.0, 4652.0]
Data: [190.0, 10.0, 6141800.0, 128.0, 66804.0]
Data: [208.0, 3.437110834371107, 5958348.0, 61.0, 34690.0]
Data: [218.0, 7.674129353233834, 6882200.0, 73.0, 34686.0]
Data: [228.0, 5.573566084788034, 6785764.0, 0.0, 4652.0]
Data: [218.0, 10.0, 6372920.0, 104.0, 66594.0]
Data: [218.0, 0.809464508094645, 5992508.0, 57.0, 33930.0]
Data: [182.0, 7.674129353233834, 7047564.0, 90.0, 31868.0]
Data: [228.0, 8.28358208955224, 7807424.0, 75.0, 39248.0]
Data: [228.0, 8.6583850931677, 8523880.0, 140.0, 32652.0]
Data: [228.0, 9.052369077306734, 9205460.0, 0.0, 9036.0]
Data: [218.0, 10.0, 6829164.0, 123.0, 64400.0]
Data: [218.0, 1.5527950310558989, 5912328.0, 70.0, 34588.0]
Data: [190.0, 8.360248447204965, 6339548.0, 33.0, 13440.0]
Data: [208.0, 9.999999999999996, 6039576.0, 102.0, 54102.0]
Data: [218.0, 8.372670807453416, 6569956.0, 0.0, 11606.0]
Data: [208.0, 10.000000000000002, 6163500.0, 104.0, 61886.0]
Data: [167.0, 0.796019900497513, 6035180.0, 56.0, 32062.0]
Data: [228.0, 8.266832917705738, 7089644.0, 0.0, 63600.0]
Data: [218.0, 10.000000000000002, 6319560.0, 85.0, 36032.0]
Data: [218.0, 10.0, 6387760.0, 59.0, 34978.0]
Data: [139.0, 0.6343283582089548, 6219784.0, 110.0, 35124.0]
Data: [228.0, 8.119551681195516, 7535080.0, 64.0, 34572.0]
Data: [228.0, 8.598014888337472, 8261304.0, 65.0, 35066.0]
Data: [228.0, 8.919254658385094, 8950124.0, 100.0, 33888.0]
Data: [208.0, 9.975062344139648, 6698336.0, 57.0, 35548.0]
Data: [218.0, 10.0, 6857048.0, 57.0, 35056.0]
Data: [122.0, 0.0, 5930236.0, 73.0, 35210.0]
Data: [199.0, 9.96268656716418, 6054280.0, 57.0, 35618.0]
Data: [208.0, 0.6600249066002489, 5994136.0, 101.0, 34474.0]
Data: [228.0, 7.251243781094533, 6129192.0, 57.0, 35882.0]
Data: [218.0, 10.0, 6176676.0, 60.0, 35058.0]
Data: [218.0, 7.858032378580328, 6712916.0, 82.0, 34048.0]
Data: [228.0, 8.479604449938195, 7433752.0, 56.0, 34760.0]
Data: [218.0, 10.0, 6409132.0, 110.0, 35786.0]
Data: [218.0, 1.7808219178082219, 6010864.0, 57.0, 35112.0]
Data: [199.0, 7.5810473815461314, 7056024.0, 57.0, 92284.0]
Data: [228.0, 8.244084682440844, 7817920.0, 66.0, 34628.0]
Data: [228.0, 8.703241895261842, 8535500.0, 67.0, 34192.0]
Data: [228.0, 9.153175591531754, 9215640.0, 108.0, 34780.0]
Data: [218.0, 10.0, 6859824.0, 66.0, 35888.0]
Data: [218.0, 3.3208955223880543, 5943128.0, 69.0, 34758.0]
Data: [208.0, 8.296019900497509, 6345300.0, 80.0, 36450.0]
Data: [218.0, 10.0, 6067684.0, 60.0, 35266.0]
Data: [218.0, 8.231631382316314, 6541996.0, 170.0, 34214.0]
Data: [218.0, 10.0, 6179884.0, 65.0, 36594.0]
Data: [167.0, 0.6226650062266501, 6061484.0, 61.0, 35202.0]
Data: [228.0, 8.24844720496894, 7059712.0, 70.0, 34512.0]
Data: [218.0, 9.130434782608692, 6288864.0, 59.0, 36066.0]
Data: [218.0, 10.0, 6409772.0, 105.0, 35594.0]
Data: [146.0, 0.6226650062266501, 6296184.0, 62.0, 34882.0]
Data: [228.0, 7.987577639751549, 7575652.0, 61.0, 33964.0]
Data: [228.0, 8.619402985074625, 8308880.0, 65.0, 34408.0]
Data: [228.0, 8.941469489414692, 9001188.0, 57.0, 34632.0]
Data: [218.0, 10.000000000000002, 6727056.0, 104.0, 35768.0]
Data: [218.0, 10.0, 6870288.0, 104.0, 34848.0]
Data: [122.0, 0.0, 5941140.0, 72.0, 34898.0]
Data: [208.0, 9.8879202988792, 6067660.0, 60.0, 37024.0]
Data: [190.0, 1.0336239103362361, 5994960.0, 61.0, 35204.0]
Data: [218.0, 3.877805486284287, 6234692.0, 108.0, 35984.0]
Data: [218.0, 10.0, 6188288.0, 59.0, 35866.0]
Data: [190.0, 7.329192546583854, 6571388.0, 57.0, 34622.0]
Data: [228.0, 7.985074626865676, 7275088.0, 54.0, 34572.0]
Data: [159.0, 5.885286783042397, 6236072.0, 57.0, 36064.0]
Data: [218.0, 9.999999999999998, 6413120.0, 100.0, 36396.0]
Data: [139.0, 0.6351183063511829, 6247696.0, 62.0, 34868.0]
Data: [228.0, 7.965043695380779, 7525596.0, 55.0, 34404.0]
Data: [228.0, 8.358208955223878, 8244712.0, 83.0, 34408.0]
Data: [228.0, 8.830845771144283, 8927600.0, 56.0, 35368.0]
Data: [167.0, 6.215880893300251, 6434796.0, 324.0, 94884.0]
Data: [218.0, 9.98754669987547, 6870812.0, 254.0, 39852.0]
Data: [128.0, 0.024875621890547296, 5952744.0, 49.0, 35102.0]
Data: [199.0, 6.284289276807983, 6076160.0, 117.0, 36606.0]
Data: [218.0, 10.0, 6079116.0, 60.0, 34770.0]
Data: [228.0, 7.945205479452051, 6696344.0, 60.0, 35498.0]
Data: [218.0, 9.98756218905473, 6200084.0, 57.0, 35204.0]
Data: [139.0, 0.6343283582089554, 6113652.0, 57.0, 34478.0]
Data: [228.0, 8.337468982630273, 7162636.0, 106.0, 34340.0]
Data: [218.0, 9.999999999999996, 6407660.0, 55.0, 36160.0]
Data: [218.0, 10.0, 6419580.0, 166.0, 34562.0]
Data: [167.0, 3.8902743142144622, 6888744.0, 60.0, 34778.0]
Data: [228.0, 8.057285180572851, 7665720.0, 66.0, 34526.0]
Data: [228.0, 8.619402985074629, 8398320.0, 104.0, 34088.0]
Data: [228.0, 9.055900621118013, 9085936.0, 55.0, 34384.0]
Data: [218.0, 9.999999999999998, 6878516.0, 57.0, 35824.0]
Data: [218.0, 10.0, 6882504.0, 72.0, 35104.0]
Data: [122.0, 0.0, 5944548.0, 330.0, 35130.0]
Data: [139.0, 0.6351183063511829, 6705896.0, 32816.0, 34916.0]
Data: [139.0, 0.2363184079601993, 8164008.0, 73097.0, 35108.0]
Data: [139.0, 0.7107231920199506, 8166712.0, 64768.0, 35102.0]
Data: [133.0, 0.697384806973848, 8165728.0, 69376.0, 35006.0]
Data: [133.0, 0.7213930348258704, 8164068.0, 46197.0, 35150.0]
Data: [133.0, 0.6483790523690771, 8161244.0, 37223.0, 34998.0]
Data: [139.0, 0.6965174129353231, 8160624.0, 42880.0, 35012.0]
Data: [139.0, 0.783582089552239, 8160268.0, 36965.0, 35286.0]
Data: [139.0, 0.7596513075965129, 8159136.0, 53732.0, 35376.0]
Data: [122.0, 0.0372670807453416, 8163972.0, 26767.0, 35354.0]
Data: [133.0, 0.6459627329192543, 8159552.0, 41159.0, 35226.0]
Data: [133.0, 0.8582089552238801, 8113484.0, 1024.0, 34864.0]
Data: [133.0, 0.6351183063511829, 8112988.0, 104.0, 35044.0]
Data: [139.0, 0.6608478802992513, 8109572.0, 56.0, 35086.0]
Data: [139.0, 0.759651307596513, 8108680.0, 60.0, 35292.0]
Data: [139.0, 0.709838107098381, 8108132.0, 58.0, 35352.0]
Data: [139.0, 0.696517412935323, 8107080.0, 58.0, 35352.0]
Data: [139.0, 0.696517412935324, 8107292.0, 93.0, 34672.0]
Data: [139.0, 0.623441396508728, 8104120.0, 56.0, 34430.0]
Data: [133.0, 0.746268656716418, 8103352.0, 61.0, 34728.0]
Data: [133.0, 0.709838107098381, 8103276.0, 58.0, 35552.0]
Data: [133.0, 0.784557907845579, 8103252.0, 58.0, 34984.0]
Data: [133.0, 0.6351183063511829, 8103136.0, 127.0, 35044.0]
Data: [139.0, 0.6716417910447763, 8103144.0, 60.0, 35726.0]
Data: [139.0, 0.049689440993788796, 5943000.0, 402.0, 35360.0]
Data: [122.0, 0.6211180124223602, 6249424.0, 11338.0, 35142.0]
Data: [122.0, 0.0124688279301746, 7348684.0, 77998.0, 91974.0]
Data: [122.0, 0.0124378109452736, 7350376.0, 31905.0, 37576.0]
Data: [122.0, 0.024875621890547296, 7349552.0, 13273.0, 34882.0]
Data: [122.0, 0.0, 7350364.0, 3594.0, 35364.0]
Data: [122.0, 0.0, 7349236.0, 13267.0, 35366.0]
Data: [117.0, 0.012453300124532999, 7349968.0, 20527.0, 34824.0]
Data: [117.0, 0.0, 7348956.0, 20124.0, 34948.0]
Data: [117.0, 0.0, 7349108.0, 17689.0, 34526.0]
Data: [122.0, 0.0124378109452736, 7348764.0, 15723.0, 34874.0]
Data: [122.0, 0.012422360248447199, 7349036.0, 13294.0, 35250.0]
Data: [122.0, 0.0123915737298637, 7352100.0, 12233.0, 34874.0]
Data: [122.0, 0.0123915737298637, 7351516.0, 14465.0, 35290.0]
Data: [122.0, 0.0, 7351528.0, 12939.0, 35366.0]
Data: [122.0, 0.012453300124532999, 7351984.0, 11473.0, 34986.0]
Data: [122.0, 0.0, 7352140.0, 11657.0, 34950.0]
Data: [122.0, 0.0125, 7351724.0, 10675.0, 35226.0]
Data: [122.0, 0.024844720496894398, 7352212.0, 11434.0, 34824.0]
Data: [122.0, 0.0123915737298637, 7351812.0, 7964.0, 35090.0]
Data: [122.0, 0.1861042183622829, 5962116.0, 17312.0, 26778.0]
Data: [117.0, 0.012453300124532999, 6268992.0, 49922.0, 42974.0]
Data: [122.0, 0.0124378109452736, 6268804.0, 25466.0, 35868.0]
Data: [122.0, 0.012453300124532999, 6349004.0, 22195.0, 35354.0]
Data: [122.0, 0.012453300124532999, 6492824.0, 22216.0, 35138.0]
Data: [122.0, 0.0124069478908189, 6494992.0, 18013.0, 35146.0]
Data: [122.0, 0.024844720496894398, 6547588.0, 17698.0, 34984.0]
Data: [122.0, 0.0123915737298637, 6781676.0, 16887.0, 35450.0]
Data: [122.0, 0.0, 6781308.0, 17816.0, 35318.0]
Data: [122.0, 0.0, 6781116.0, 14770.0, 35212.0]
Data: [122.0, 0.0124378109452736, 6781404.0, 15871.0, 35090.0]
Data: [122.0, 0.024875621890547296, 6788968.0, 12929.0, 35354.0]
Data: [122.0, 0.012422360248447199, 6874344.0, 12330.0, 34882.0]
Data: [122.0, 0.012422360248447199, 6874572.0, 12376.0, 35196.0]
Data: [122.0, 0.0373134328358209, 6888516.0, 12009.0, 35290.0]
Data: [122.0, 0.012453300124532999, 7138436.0, 13466.0, 94468.0]
Data: [122.0, 0.0124378109452736, 7138924.0, 12647.0, 35194.0]
Data: [122.0, 0.0124378109452736, 7137860.0, 11103.0, 34778.0]
Data: [122.0, 0.0124378109452736, 7138088.0, 11626.0, 35250.0]
Data: [122.0, 0.0, 7137716.0, 10619.0, 34848.0]
Data: [122.0, 0.012422360248447199, 7137744.0, 11736.0, 35356.0]
Data: [122.0, 0.0, 7139160.0, 11620.0, 35056.0]
Data: [122.0, 0.0, 7139724.0, 11117.0, 35366.0]
Data: [122.0, 0.0, 7140196.0, 9881.0, 5032.0]
Data: [122.0, 0.0, 7331564.0, 8149.0, 65282.0]
Data: [122.0, 0.0, 7330516.0, 10171.0, 35318.0]
Data: [122.0, 0.0, 7330376.0, 9721.0, 35622.0]
Data: [122.0, 0.0124378109452736, 7329836.0, 9980.0, 35354.0]
Data: [122.0, 0.012422360248447199, 7329968.0, 10167.0, 35450.0]
Data: [122.0, 0.012453300124532999, 7329548.0, 9897.0, 35336.0]
Data: [122.0, 0.0124378109452736, 7329868.0, 9305.0, 20230.0]
Data: [122.0, 0.0, 7331092.0, 9154.0, 5034.0]
Data: [122.0, 0.012453300124532999, 7333044.0, 9235.0, 5068.0]
Data: [117.0, 0.0, 7334344.0, 8967.0, 5032.0]
Data: [117.0, 0.012453300124532999, 7334940.0, 2837.0, 128784.0]
Data: [117.0, 0.0, 5962676.0, 17664.0, 27062.0]
Data: [117.0, 0.024906600249065998, 7203032.0, 51782.0, 5732.0]
Data: [122.0, 0.024844720496894398, 7168364.0, 39259.0, 71116.0]
Data: [122.0, 0.0621890547263681, 7168364.0, 35233.0, 34386.0]
Data: [122.0, 0.0124378109452736, 7167984.0, 28832.0, 34562.0]
Data: [128.0, 0.0, 7168172.0, 23377.0, 35566.0]
Data: [122.0, 0.012422360248447199, 7166208.0, 19043.0, 34986.0]
Data: [122.0, 0.0, 7164364.0, 18694.0, 34950.0]
Data: [122.0, 0.0123915737298637, 7163596.0, 14499.0, 34722.0]
Data: [122.0, 0.0124378109452736, 7163644.0, 14456.0, 34882.0]
Data: [122.0, 0.0124378109452736, 7162756.0, 14633.0, 35082.0]
Data: [122.0, 0.012453300124532999, 7164080.0, 10676.0, 34976.0]
Data: [122.0, 0.286069651741294, 7267496.0, 10916.0, 35136.0]
Data: [122.0, 0.0, 7279492.0, 9905.0, 35214.0]
Data: [122.0, 0.0, 7278408.0, 9998.0, 35316.0]
Data: [122.0, 0.0, 7278652.0, 9583.0, 34950.0]
Data: [122.0, 0.0, 7279136.0, 10476.0, 34950.0]
Data: [122.0, 0.0, 7280008.0, 9764.0, 34950.0]
Data: [122.0, 0.012453300124532999, 7279636.0, 8619.0, 35194.0]
Data: [122.0, 0.0869565217391304, 7327488.0, 9795.0, 34144.0]
Data: [122.0, 0.024844720496894398, 7320768.0, 9222.0, 5068.0]
Data: [122.0, 0.012422360248447199, 7322208.0, 9145.0, 64950.0]
Data: [122.0, 0.0, 7324004.0, 3188.0, 39500.0]
Data: [122.0, 0.0, 5966700.0, 19319.0, 27062.0]
Data: [122.0, 0.024968789013732798, 6994000.0, 52194.0, 7916.0]
Data: [122.0, 0.012453300124532999, 6994832.0, 42123.0, 69352.0]
Data: [122.0, 0.024844720496894398, 6994328.0, 29639.0, 35240.0]
Data: [122.0, 0.0, 6993964.0, 27435.0, 34846.0]
Data: [122.0, 0.012422360248447199, 6992572.0, 19734.0, 34978.0]
Data: [122.0, 0.0124378109452736, 6991836.0, 20295.0, 35354.0]
Data: [122.0, 0.0, 6990848.0, 16419.0, 35214.0]
Data: [122.0, 0.0, 6991088.0, 18835.0, 34950.0]
Data: [122.0, 0.149439601494396, 7066132.0, 10092.0, 34984.0]
Data: [122.0, 0.0, 7193532.0, 11618.0, 34574.0]
Data: [122.0, 0.0, 7193784.0, 10435.0, 35158.0]
Data: [122.0, 0.012422360248447199, 7193160.0, 11657.0, 34986.0]
Data: [122.0, 0.0, 7192416.0, 11356.0, 34894.0]
Data: [122.0, 0.0, 7192156.0, 11170.0, 34894.0]
Data: [122.0, 0.0, 7192912.0, 9608.0, 34998.0]
Data: [122.0, 0.012453300124532999, 7192648.0, 10162.0, 34354.0]
Data: [122.0, 0.0124378109452736, 7194504.0, 9372.0, 34882.0]
Data: [122.0, 0.310945273631841, 7313684.0, 9457.0, 34512.0]
Data: [122.0, 0.012422360248447199, 7325492.0, 9661.0, 35300.0]
Data: [122.0, 0.012422360248447199, 7325532.0, 9258.0, 34354.0]
Data: [122.0, 0.0, 7326752.0, 9923.0, 35366.0]
Data: [122.0, 0.012484394506866399, 7328588.0, 9554.0, 34562.0]
Data: [122.0, 0.0, 7329656.0, 8832.0, 34950.0]
Data: [122.0, 0.0124688279301746, 7330972.0, 9824.0, 34930.0]
Data: [122.0, 0.0, 7331464.0, 9531.0, 35318.0]
Data: [122.0, 0.0, 7333172.0, 5222.0, 34896.0]
Data: [122.0, 0.024906600249065998, 5965872.0, 18848.0, 19388.0]
Data: [122.0, 0.024906600249065998, 6429572.0, 52718.0, 48766.0]
Data: [128.0, 0.0248138957816377, 6431748.0, 37287.0, 34514.0]
Data: [122.0, 0.149439601494396, 6488060.0, 20944.0, 34984.0]
Data: [122.0, 0.012484394506866399, 6584668.0, 21395.0, 35086.0]
Data: [122.0, 0.024844720496894398, 6585808.0, 15841.0, 34456.0]
Data: [122.0, 0.012422360248447199, 6796316.0, 16526.0, 35032.0]
Data: [122.0, 0.0124069478908189, 6795176.0, 17103.0, 35092.0]
Data: [122.0, 0.0, 6793944.0, 16708.0, 34478.0]
Data: [122.0, 0.012422360248447199, 6793572.0, 14890.0, 34882.0]
Data: [122.0, 0.012453300124532999, 6799632.0, 13139.0, 34722.0]
Data: [122.0, 0.012453300124532999, 7045880.0, 12322.0, 35184.0]
Data: [122.0, 0.0, 7045508.0, 11935.0, 35058.0]
Data: [122.0, 0.0, 7044484.0, 13472.0, 34998.0]
Data: [122.0, 0.0123915737298637, 7042996.0, 13035.0, 34928.0]
Data: [122.0, 0.0, 7043920.0, 12536.0, 34582.0]
Data: [122.0, 0.0, 7043804.0, 10377.0, 34942.0]
Data: [122.0, 0.0, 7044660.0, 12315.0, 34316.0]
Data: [122.0, 0.024844720496894398, 7052172.0, 9918.0, 34616.0]
Data: [122.0, 0.0, 7212776.0, 11157.0, 35102.0]
Data: [122.0, 0.0, 7211748.0, 11243.0, 34686.0]
Data: [122.0, 0.0, 7211160.0, 10943.0, 35262.0]
Data: [122.0, 0.0, 7211276.0, 9515.0, 34582.0]
Data: [122.0, 0.0, 7210960.0, 10072.0, 35318.0]
Data: [122.0, 0.0, 7210480.0, 10440.0, 35054.0]
Data: [122.0, 0.0124378109452736, 7209980.0, 10425.0, 35082.0]
Data: [122.0, 0.0, 7210356.0, 8797.0, 34478.0]
Data: [122.0, 0.0124378109452736, 7325352.0, 9494.0, 27526.0]
Data: [122.0, 0.0, 7322856.0, 9071.0, 30454.0]
Data: [122.0, 0.0124378109452736, 7324536.0, 9189.0, 5070.0]
Data: [122.0, 0.012453300124532999, 7325044.0, 9475.0, 5068.0]
Data: [117.0, 0.0124378109452736, 7327120.0, 9435.0, 5070.0]
Data: [117.0, 0.0124378109452736, 7327248.0, 9238.0, 5442.0]
Data: [117.0, 0.0, 7328480.0, 4248.0, 152074.0]
Data: [117.0, 0.012422360248447199, 5968488.0, 18240.0, 21888.0]
Data: [117.0, 0.0248138957816377, 6817928.0, 52427.0, 9374.0]
Data: [122.0, 0.037359900373599, 6819420.0, 37628.0, 71672.0]
Data: [122.0, 0.024906600249065998, 6821332.0, 31617.0, 34516.0]
Data: [122.0, 0.0, 6818828.0, 25794.0, 34788.0]
Data: [122.0, 0.0124378109452736, 6817040.0, 24421.0, 34148.0]
Data: [122.0, 0.0, 6816128.0, 16869.0, 34744.0]
Data: [122.0, 0.049813200498131996, 6970432.0, 13043.0, 35022.0]
Data: [117.0, 0.0, 6970812.0, 12171.0, 35214.0]
Data: [122.0, 0.0124688279301746, 6970644.0, 12776.0, 34618.0]
Data: [122.0, 0.0, 6971164.0, 13659.0, 34582.0]
Data: [122.0, 0.012453300124532999, 6972796.0, 11654.0, 35248.0]
Data: [122.0, 0.012453300124532999, 7048292.0, 10411.0, 5070.0]
Data: [122.0, 0.0, 7048328.0, 11163.0, 64290.0]
Data: [117.0, 0.0, 7047060.0, 11174.0, 35158.0]
Data: [117.0, 0.0372670807453416, 7057792.0, 10109.0, 34562.0]
Data: [122.0, 0.0, 7166088.0, 11529.0, 34214.0]
Data: [122.0, 0.0, 7165616.0, 11187.0, 35318.0]
Data: [122.0, 0.0, 7165168.0, 11001.0, 35218.0]
Data: [122.0, 0.0, 7164864.0, 9410.0, 34848.0]
Data: [122.0, 0.0, 7168260.0, 9602.0, 30080.0]
Data: [122.0, 0.0, 7321764.0, 9796.0, 39602.0]
Data: [117.0, 0.0, 7322432.0, 10599.0, 35000.0]
Data: [122.0, 0.0, 7322028.0, 10280.0, 35156.0]
Data: [122.0, 0.0124688279301746, 7320724.0, 10226.0, 34882.0]
Data: [122.0, 0.0, 7320932.0, 9740.0, 35272.0]
Data: [117.0, 0.0, 7320420.0, 10115.0, 34950.0]
Data: [122.0, 0.0124069478908189, 7320424.0, 10138.0, 26800.0]
Data: [122.0, 0.0124378109452736, 7322712.0, 8830.0, 5072.0]
Data: [122.0, 0.0746268656716418, 7338028.0, 9732.0, 5068.0]
Data: [122.0, 0.074719800747198, 7356572.0, 1987.0, 102662.0]
Data: [122.0, 0.124688279301746, 5965812.0, 142.0, 34690.0]
Data: [122.0, 0.0, 5968864.0, 219.0, 3.17258794E8]
Data: [122.0, 0.883084577114427, 5973076.0, 66.0, 2.132000506E9]
Data: [117.0, 1.044776119402985, 5973212.0, 75.0, 2.229766438E9]
Data: [133.0, 0.982587064676617, 5972828.0, 58.0, 2.113782304E9]
Data: [139.0, 0.985037406483791, 5972632.0, 55.0, 2.17939003E9]
Data: [146.0, 0.983810709838107, 5972100.0, 58.0, 2.143957064E9]
Data: [139.0, 1.021170610211706, 5970836.0, 61.0, 2.14074546E9]
Data: [146.0, 0.9962640099626399, 5970944.0, 78.0, 2.108734026E9]
Data: [152.0, 0.960099750623441, 5970572.0, 258.0, 2.189589542E9]
Data: [152.0, 0.995024875621891, 5972804.0, 60.0, 2.117462212E9]
Data: [146.0, 1.007462686567164, 5971600.0, 89.0, 1.536948746E9]
Data: [152.0, 0.0, 5970288.0, 72.0, 1.186380802E9]
Data: [152.0, 0.9962640099626399, 5971808.0, 76.0, 2.17040215E9]
Data: [122.0, 0.960099750623442, 5972756.0, 58.0, 2.172000306E9]
Data: [152.0, 1.022443890274314, 5972376.0, 58.0, 2.13721803E9]
Data: [146.0, 0.907960199004975, 5972228.0, 57.0, 2.045349194E9]
Data: [146.0, 1.01863354037267, 5972112.0, 57.0, 2.115665768E9]
Data: [146.0, 0.99502487562189, 5972576.0, 78.0, 2.154123786E9]
Data: [146.0, 0.9975062344139651, 5971956.0, 58.0, 2.027754452E9]
Data: [146.0, 0.9612983770287141, 5971312.0, 58.0, 2.158517862E9]
Data: [152.0, 0.909090909090909, 5970932.0, 124.0, 2.053219808E9]
Data: [146.0, 0.960099750623441, 5972032.0, 68.0, 9.90232422E8]
Data: [146.0, 0.012453300124532999, 5970160.0, 93.0, 1.707480476E9]
Data: [146.0, 0.9713574097135741, 5971880.0, 58.0, 1.79058502E9]
Data: [122.0, 1.068322981366459, 5972864.0, 58.0, 1.935180274E9]
Data: [146.0, 1.01863354037267, 5974340.0, 58.0, 2.051758798E9]
Data: [146.0, 0.9215442092154419, 5971984.0, 61.0, 2.08714304E9]
Data: [139.0, 1.008717310087173, 5971844.0, 78.0, 2.137994178E9]
Data: [146.0, 1.01123595505618, 5972240.0, 60.0, 2.143831728E9]
Data: [146.0, 0.9850374064837901, 5972076.0, 57.0, 2.198050958E9]
Data: [146.0, 0.95771144278607, 5972440.0, 58.0, 2.144865258E9]
Data: [146.0, 0.956521739130435, 5970096.0, 58.0, 2.125679424E9]
X1 data: [0.1870324189526184, 7.754342431761783, 10.0, 7.5930521091811425, 10.0, 3.437110834371107, 7.674129353233834, 5.573566084788034, 10.0, 0.809464508094645, 7.674129353233834, 8.28358208955224, 8.6583850931677, 9.052369077306734, 10.0, 1.5527950310558989, 8.360248447204965, 9.999999999999996, 8.372670807453416, 10.000000000000002, 0.796019900497513, 8.266832917705738, 10.000000000000002, 10.0, 0.6343283582089548, 8.119551681195516, 8.598014888337472, 8.919254658385094, 9.975062344139648, 10.0, 0.0, 9.96268656716418, 0.6600249066002489, 7.251243781094533, 10.0, 7.858032378580328, 8.479604449938195, 10.0, 1.7808219178082219, 7.5810473815461314, 8.244084682440844, 8.703241895261842, 9.153175591531754, 10.0, 3.3208955223880543, 8.296019900497509, 10.0, 8.231631382316314, 10.0, 0.6226650062266501, 8.24844720496894, 9.130434782608692, 10.0, 0.6226650062266501, 7.987577639751549, 8.619402985074625, 8.941469489414692, 10.000000000000002, 10.0, 0.0, 9.8879202988792, 1.0336239103362361, 3.877805486284287, 10.0, 7.329192546583854, 7.985074626865676, 5.885286783042397, 9.999999999999998, 0.6351183063511829, 7.965043695380779, 8.358208955223878, 8.830845771144283, 6.215880893300251, 9.98754669987547, 0.024875621890547296, 6.284289276807983, 10.0, 7.945205479452051, 9.98756218905473, 0.6343283582089554, 8.337468982630273, 9.999999999999996, 10.0, 3.8902743142144622, 8.057285180572851, 8.619402985074629, 9.055900621118013, 9.999999999999998, 10.0, 0.0, 0.6351183063511829, 0.2363184079601993, 0.7107231920199506, 0.697384806973848, 0.7213930348258704, 0.6483790523690771, 0.6965174129353231, 0.783582089552239, 0.7596513075965129, 0.0372670807453416, 0.6459627329192543, 0.8582089552238801, 0.6351183063511829, 0.6608478802992513, 0.759651307596513, 0.709838107098381, 0.696517412935323, 0.696517412935324, 0.623441396508728, 0.746268656716418, 0.709838107098381, 0.784557907845579, 0.6351183063511829, 0.6716417910447763, 0.049689440993788796, 0.6211180124223602, 0.0124688279301746, 0.0124378109452736, 0.024875621890547296, 0.0, 0.0, 0.012453300124532999, 0.0, 0.0, 0.0124378109452736, 0.012422360248447199, 0.0123915737298637, 0.0123915737298637, 0.0, 0.012453300124532999, 0.0, 0.0125, 0.024844720496894398, 0.0123915737298637, 0.1861042183622829, 0.012453300124532999, 0.0124378109452736, 0.012453300124532999, 0.012453300124532999, 0.0124069478908189, 0.024844720496894398, 0.0123915737298637, 0.0, 0.0, 0.0124378109452736, 0.024875621890547296, 0.012422360248447199, 0.012422360248447199, 0.0373134328358209, 0.012453300124532999, 0.0124378109452736, 0.0124378109452736, 0.0124378109452736, 0.0, 0.012422360248447199, 0.0, 0.0, 0.0, 0.0, 0.0, 0.0, 0.0124378109452736, 0.012422360248447199, 0.012453300124532999, 0.0124378109452736, 0.0, 0.012453300124532999, 0.0, 0.012453300124532999, 0.0, 0.024906600249065998, 0.024844720496894398, 0.0621890547263681, 0.0124378109452736, 0.0, 0.012422360248447199, 0.0, 0.0123915737298637, 0.0124378109452736, 0.0124378109452736, 0.012453300124532999, 0.286069651741294, 0.0, 0.0, 0.0, 0.0, 0.0, 0.012453300124532999, 0.0869565217391304, 0.024844720496894398, 0.012422360248447199, 0.0, 0.0, 0.024968789013732798, 0.012453300124532999, 0.024844720496894398, 0.0, 0.012422360248447199, 0.0124378109452736, 0.0, 0.0, 0.149439601494396, 0.0, 0.0, 0.012422360248447199, 0.0, 0.0, 0.0, 0.012453300124532999, 0.0124378109452736, 0.310945273631841, 0.012422360248447199, 0.012422360248447199, 0.0, 0.012484394506866399, 0.0, 0.0124688279301746, 0.0, 0.0, 0.024906600249065998, 0.024906600249065998, 0.0248138957816377, 0.149439601494396, 0.012484394506866399, 0.024844720496894398, 0.012422360248447199, 0.0124069478908189, 0.0, 0.012422360248447199, 0.012453300124532999, 0.012453300124532999, 0.0, 0.0, 0.0123915737298637, 0.0, 0.0, 0.0, 0.024844720496894398, 0.0, 0.0, 0.0, 0.0, 0.0, 0.0, 0.0124378109452736, 0.0, 0.0124378109452736, 0.0, 0.0124378109452736, 0.012453300124532999, 0.0124378109452736, 0.0124378109452736, 0.0, 0.012422360248447199, 0.0248138957816377, 0.037359900373599, 0.024906600249065998, 0.0, 0.0124378109452736, 0.0, 0.049813200498131996, 0.0, 0.0124688279301746, 0.0, 0.012453300124532999, 0.012453300124532999, 0.0, 0.0, 0.0372670807453416, 0.0, 0.0, 0.0, 0.0, 0.0, 0.0, 0.0, 0.0, 0.0124688279301746, 0.0, 0.0, 0.0124069478908189, 0.0124378109452736, 0.0746268656716418, 0.074719800747198, 0.124688279301746, 0.0, 0.883084577114427, 1.044776119402985, 0.982587064676617, 0.985037406483791, 0.983810709838107, 1.021170610211706, 0.9962640099626399, 0.960099750623441, 0.995024875621891, 1.007462686567164, 0.0, 0.9962640099626399, 0.960099750623442, 1.022443890274314, 0.907960199004975, 1.01863354037267, 0.99502487562189, 0.9975062344139651, 0.9612983770287141, 0.909090909090909, 0.960099750623441, 0.012453300124532999, 0.9713574097135741, 1.068322981366459, 1.01863354037267, 0.9215442092154419, 1.008717310087173, 1.01123595505618, 0.9850374064837901, 0.95771144278607, 0.956521739130435, 0.0, 0.0, 0.0, 0.0, ]
X2 data: [5881128.0, 6290748.0, 6023664.0, 6464336.0, 6141800.0, 5958348.0, 6882200.0, 6785764.0, 6372920.0, 5992508.0, 7047564.0, 7807424.0, 8523880.0, 9205460.0, 6829164.0, 5912328.0, 6339548.0, 6039576.0, 6569956.0, 6163500.0, 6035180.0, 7089644.0, 6319560.0, 6387760.0, 6219784.0, 7535080.0, 8261304.0, 8950124.0, 6698336.0, 6857048.0, 5930236.0, 6054280.0, 5994136.0, 6129192.0, 6176676.0, 6712916.0, 7433752.0, 6409132.0, 6010864.0, 7056024.0, 7817920.0, 8535500.0, 9215640.0, 6859824.0, 5943128.0, 6345300.0, 6067684.0, 6541996.0, 6179884.0, 6061484.0, 7059712.0, 6288864.0, 6409772.0, 6296184.0, 7575652.0, 8308880.0, 9001188.0, 6727056.0, 6870288.0, 5941140.0, 6067660.0, 5994960.0, 6234692.0, 6188288.0, 6571388.0, 7275088.0, 6236072.0, 6413120.0, 6247696.0, 7525596.0, 8244712.0, 8927600.0, 6434796.0, 6870812.0, 5952744.0, 6076160.0, 6079116.0, 6696344.0, 6200084.0, 6113652.0, 7162636.0, 6407660.0, 6419580.0, 6888744.0, 7665720.0, 8398320.0, 9085936.0, 6878516.0, 6882504.0, 5944548.0, 6705896.0, 8164008.0, 8166712.0, 8165728.0, 8164068.0, 8161244.0, 8160624.0, 8160268.0, 8159136.0, 8163972.0, 8159552.0, 8113484.0, 8112988.0, 8109572.0, 8108680.0, 8108132.0, 8107080.0, 8107292.0, 8104120.0, 8103352.0, 8103276.0, 8103252.0, 8103136.0, 8103144.0, 5943000.0, 6249424.0, 7348684.0, 7350376.0, 7349552.0, 7350364.0, 7349236.0, 7349968.0, 7348956.0, 7349108.0, 7348764.0, 7349036.0, 7352100.0, 7351516.0, 7351528.0, 7351984.0, 7352140.0, 7351724.0, 7352212.0, 7351812.0, 5962116.0, 6268992.0, 6268804.0, 6349004.0, 6492824.0, 6494992.0, 6547588.0, 6781676.0, 6781308.0, 6781116.0, 6781404.0, 6788968.0, 6874344.0, 6874572.0, 6888516.0, 7138436.0, 7138924.0, 7137860.0, 7138088.0, 7137716.0, 7137744.0, 7139160.0, 7139724.0, 7140196.0, 7331564.0, 7330516.0, 7330376.0, 7329836.0, 7329968.0, 7329548.0, 7329868.0, 7331092.0, 7333044.0, 7334344.0, 7334940.0, 5962676.0, 7203032.0, 7168364.0, 7168364.0, 7167984.0, 7168172.0, 7166208.0, 7164364.0, 7163596.0, 7163644.0, 7162756.0, 7164080.0, 7267496.0, 7279492.0, 7278408.0, 7278652.0, 7279136.0, 7280008.0, 7279636.0, 7327488.0, 7320768.0, 7322208.0, 7324004.0, 5966700.0, 6994000.0, 6994832.0, 6994328.0, 6993964.0, 6992572.0, 6991836.0, 6990848.0, 6991088.0, 7066132.0, 7193532.0, 7193784.0, 7193160.0, 7192416.0, 7192156.0, 7192912.0, 7192648.0, 7194504.0, 7313684.0, 7325492.0, 7325532.0, 7326752.0, 7328588.0, 7329656.0, 7330972.0, 7331464.0, 7333172.0, 5965872.0, 6429572.0, 6431748.0, 6488060.0, 6584668.0, 6585808.0, 6796316.0, 6795176.0, 6793944.0, 6793572.0, 6799632.0, 7045880.0, 7045508.0, 7044484.0, 7042996.0, 7043920.0, 7043804.0, 7044660.0, 7052172.0, 7212776.0, 7211748.0, 7211160.0, 7211276.0, 7210960.0, 7210480.0, 7209980.0, 7210356.0, 7325352.0, 7322856.0, 7324536.0, 7325044.0, 7327120.0, 7327248.0, 7328480.0, 5968488.0, 6817928.0, 6819420.0, 6821332.0, 6818828.0, 6817040.0, 6816128.0, 6970432.0, 6970812.0, 6970644.0, 6971164.0, 6972796.0, 7048292.0, 7048328.0, 7047060.0, 7057792.0, 7166088.0, 7165616.0, 7165168.0, 7164864.0, 7168260.0, 7321764.0, 7322432.0, 7322028.0, 7320724.0, 7320932.0, 7320420.0, 7320424.0, 7322712.0, 7338028.0, 7356572.0, 5965812.0, 5968864.0, 5973076.0, 5973212.0, 5972828.0, 5972632.0, 5972100.0, 5970836.0, 5970944.0, 5970572.0, 5972804.0, 5971600.0, 5970288.0, 5971808.0, 5972756.0, 5972376.0, 5972228.0, 5972112.0, 5972576.0, 5971956.0, 5971312.0, 5970932.0, 5972032.0, 5970160.0, 5971880.0, 5972864.0, 5974340.0, 5971984.0, 5971844.0, 5972240.0, 5972076.0, 5972440.0, 5970096.0, 0.0, 0.0, 0.0, 0.0, ]
X3 data: [385.0, 32.0, 102.0, 0.0, 128.0, 61.0, 73.0, 0.0, 104.0, 57.0, 90.0, 75.0, 140.0, 0.0, 123.0, 70.0, 33.0, 102.0, 0.0, 104.0, 56.0, 0.0, 85.0, 59.0, 110.0, 64.0, 65.0, 100.0, 57.0, 57.0, 73.0, 57.0, 101.0, 57.0, 60.0, 82.0, 56.0, 110.0, 57.0, 57.0, 66.0, 67.0, 108.0, 66.0, 69.0, 80.0, 60.0, 170.0, 65.0, 61.0, 70.0, 59.0, 105.0, 62.0, 61.0, 65.0, 57.0, 104.0, 104.0, 72.0, 60.0, 61.0, 108.0, 59.0, 57.0, 54.0, 57.0, 100.0, 62.0, 55.0, 83.0, 56.0, 324.0, 254.0, 49.0, 117.0, 60.0, 60.0, 57.0, 57.0, 106.0, 55.0, 166.0, 60.0, 66.0, 104.0, 55.0, 57.0, 72.0, 330.0, 32816.0, 73097.0, 64768.0, 69376.0, 46197.0, 37223.0, 42880.0, 36965.0, 53732.0, 26767.0, 41159.0, 1024.0, 104.0, 56.0, 60.0, 58.0, 58.0, 93.0, 56.0, 61.0, 58.0, 58.0, 127.0, 60.0, 402.0, 11338.0, 77998.0, 31905.0, 13273.0, 3594.0, 13267.0, 20527.0, 20124.0, 17689.0, 15723.0, 13294.0, 12233.0, 14465.0, 12939.0, 11473.0, 11657.0, 10675.0, 11434.0, 7964.0, 17312.0, 49922.0, 25466.0, 22195.0, 22216.0, 18013.0, 17698.0, 16887.0, 17816.0, 14770.0, 15871.0, 12929.0, 12330.0, 12376.0, 12009.0, 13466.0, 12647.0, 11103.0, 11626.0, 10619.0, 11736.0, 11620.0, 11117.0, 9881.0, 8149.0, 10171.0, 9721.0, 9980.0, 10167.0, 9897.0, 9305.0, 9154.0, 9235.0, 8967.0, 2837.0, 17664.0, 51782.0, 39259.0, 35233.0, 28832.0, 23377.0, 19043.0, 18694.0, 14499.0, 14456.0, 14633.0, 10676.0, 10916.0, 9905.0, 9998.0, 9583.0, 10476.0, 9764.0, 8619.0, 9795.0, 9222.0, 9145.0, 3188.0, 19319.0, 52194.0, 42123.0, 29639.0, 27435.0, 19734.0, 20295.0, 16419.0, 18835.0, 10092.0, 11618.0, 10435.0, 11657.0, 11356.0, 11170.0, 9608.0, 10162.0, 9372.0, 9457.0, 9661.0, 9258.0, 9923.0, 9554.0, 8832.0, 9824.0, 9531.0, 5222.0, 18848.0, 52718.0, 37287.0, 20944.0, 21395.0, 15841.0, 16526.0, 17103.0, 16708.0, 14890.0, 13139.0, 12322.0, 11935.0, 13472.0, 13035.0, 12536.0, 10377.0, 12315.0, 9918.0, 11157.0, 11243.0, 10943.0, 9515.0, 10072.0, 10440.0, 10425.0, 8797.0, 9494.0, 9071.0, 9189.0, 9475.0, 9435.0, 9238.0, 4248.0, 18240.0, 52427.0, 37628.0, 31617.0, 25794.0, 24421.0, 16869.0, 13043.0, 12171.0, 12776.0, 13659.0, 11654.0, 10411.0, 11163.0, 11174.0, 10109.0, 11529.0, 11187.0, 11001.0, 9410.0, 9602.0, 9796.0, 10599.0, 10280.0, 10226.0, 9740.0, 10115.0, 10138.0, 8830.0, 9732.0, 1987.0, 142.0, 219.0, 66.0, 75.0, 58.0, 55.0, 58.0, 61.0, 78.0, 258.0, 60.0, 89.0, 72.0, 76.0, 58.0, 58.0, 57.0, 57.0, 78.0, 58.0, 58.0, 124.0, 68.0, 93.0, 58.0, 58.0, 58.0, 61.0, 78.0, 60.0, 57.0, 58.0, 58.0, 0.0, 0.0, 0.0, 0.0, ]
X4 data: [34610.0, 6514.0, 64252.0, 4652.0, 66804.0, 34690.0, 34686.0, 4652.0, 66594.0, 33930.0, 31868.0, 39248.0, 32652.0, 9036.0, 64400.0, 34588.0, 13440.0, 54102.0, 11606.0, 61886.0, 32062.0, 63600.0, 36032.0, 34978.0, 35124.0, 34572.0, 35066.0, 33888.0, 35548.0, 35056.0, 35210.0, 35618.0, 34474.0, 35882.0, 35058.0, 34048.0, 34760.0, 35786.0, 35112.0, 92284.0, 34628.0, 34192.0, 34780.0, 35888.0, 34758.0, 36450.0, 35266.0, 34214.0, 36594.0, 35202.0, 34512.0, 36066.0, 35594.0, 34882.0, 33964.0, 34408.0, 34632.0, 35768.0, 34848.0, 34898.0, 37024.0, 35204.0, 35984.0, 35866.0, 34622.0, 34572.0, 36064.0, 36396.0, 34868.0, 34404.0, 34408.0, 35368.0, 94884.0, 39852.0, 35102.0, 36606.0, 34770.0, 35498.0, 35204.0, 34478.0, 34340.0, 36160.0, 34562.0, 34778.0, 34526.0, 34088.0, 34384.0, 35824.0, 35104.0, 35130.0, 34916.0, 35108.0, 35102.0, 35006.0, 35150.0, 34998.0, 35012.0, 35286.0, 35376.0, 35354.0, 35226.0, 34864.0, 35044.0, 35086.0, 35292.0, 35352.0, 35352.0, 34672.0, 34430.0, 34728.0, 35552.0, 34984.0, 35044.0, 35726.0, 35360.0, 35142.0, 91974.0, 37576.0, 34882.0, 35364.0, 35366.0, 34824.0, 34948.0, 34526.0, 34874.0, 35250.0, 34874.0, 35290.0, 35366.0, 34986.0, 34950.0, 35226.0, 34824.0, 35090.0, 26778.0, 42974.0, 35868.0, 35354.0, 35138.0, 35146.0, 34984.0, 35450.0, 35318.0, 35212.0, 35090.0, 35354.0, 34882.0, 35196.0, 35290.0, 94468.0, 35194.0, 34778.0, 35250.0, 34848.0, 35356.0, 35056.0, 35366.0, 5032.0, 65282.0, 35318.0, 35622.0, 35354.0, 35450.0, 35336.0, 20230.0, 5034.0, 5068.0, 5032.0, 128784.0, 27062.0, 5732.0, 71116.0, 34386.0, 34562.0, 35566.0, 34986.0, 34950.0, 34722.0, 34882.0, 35082.0, 34976.0, 35136.0, 35214.0, 35316.0, 34950.0, 34950.0, 34950.0, 35194.0, 34144.0, 5068.0, 64950.0, 39500.0, 27062.0, 7916.0, 69352.0, 35240.0, 34846.0, 34978.0, 35354.0, 35214.0, 34950.0, 34984.0, 34574.0, 35158.0, 34986.0, 34894.0, 34894.0, 34998.0, 34354.0, 34882.0, 34512.0, 35300.0, 34354.0, 35366.0, 34562.0, 34950.0, 34930.0, 35318.0, 34896.0, 19388.0, 48766.0, 34514.0, 34984.0, 35086.0, 34456.0, 35032.0, 35092.0, 34478.0, 34882.0, 34722.0, 35184.0, 35058.0, 34998.0, 34928.0, 34582.0, 34942.0, 34316.0, 34616.0, 35102.0, 34686.0, 35262.0, 34582.0, 35318.0, 35054.0, 35082.0, 34478.0, 27526.0, 30454.0, 5070.0, 5068.0, 5070.0, 5442.0, 152074.0, 21888.0, 9374.0, 71672.0, 34516.0, 34788.0, 34148.0, 34744.0, 35022.0, 35214.0, 34618.0, 34582.0, 35248.0, 5070.0, 64290.0, 35158.0, 34562.0, 34214.0, 35318.0, 35218.0, 34848.0, 30080.0, 39602.0, 35000.0, 35156.0, 34882.0, 35272.0, 34950.0, 26800.0, 5072.0, 5068.0, 102662.0, 34690.0, 3.17258794E8, 2.132000506E9, 2.229766438E9, 2.113782304E9, 2.17939003E9, 2.143957064E9, 2.14074546E9, 2.108734026E9, 2.189589542E9, 2.117462212E9, 1.536948746E9, 1.186380802E9, 2.17040215E9, 2.172000306E9, 2.13721803E9, 2.045349194E9, 2.115665768E9, 2.154123786E9, 2.027754452E9, 2.158517862E9, 2.053219808E9, 9.90232422E8, 1.707480476E9, 1.79058502E9, 1.935180274E9, 2.051758798E9, 2.08714304E9, 2.137994178E9, 2.143831728E9, 2.198050958E9, 2.144865258E9, 2.125679424E9, 0.0, 0.0, 0.0, 0.0, ]
Y data: [117.0, 152.0, 199.0, 190.0, 190.0, 208.0, 218.0, 228.0, 218.0, 218.0, 182.0, 228.0, 228.0, 228.0, 218.0, 218.0, 190.0, 208.0, 218.0, 208.0, 167.0, 228.0, 218.0, 218.0, 139.0, 228.0, 228.0, 228.0, 208.0, 218.0, 122.0, 199.0, 208.0, 228.0, 218.0, 218.0, 228.0, 218.0, 218.0, 199.0, 228.0, 228.0, 228.0, 218.0, 218.0, 208.0, 218.0, 218.0, 218.0, 167.0, 228.0, 218.0, 218.0, 146.0, 228.0, 228.0, 228.0, 218.0, 218.0, 122.0, 208.0, 190.0, 218.0, 218.0, 190.0, 228.0, 159.0, 218.0, 139.0, 228.0, 228.0, 228.0, 167.0, 218.0, 128.0, 199.0, 218.0, 228.0, 218.0, 139.0, 228.0, 218.0, 218.0, 167.0, 228.0, 228.0, 228.0, 218.0, 218.0, 122.0, 139.0, 139.0, 139.0, 133.0, 133.0, 133.0, 139.0, 139.0, 139.0, 122.0, 133.0, 133.0, 133.0, 139.0, 139.0, 139.0, 139.0, 139.0, 139.0, 133.0, 133.0, 133.0, 133.0, 139.0, 139.0, 122.0, 122.0, 122.0, 122.0, 122.0, 122.0, 117.0, 117.0, 117.0, 122.0, 122.0, 122.0, 122.0, 122.0, 122.0, 122.0, 122.0, 122.0, 122.0, 122.0, 117.0, 122.0, 122.0, 122.0, 122.0, 122.0, 122.0, 122.0, 122.0, 122.0, 122.0, 122.0, 122.0, 122.0, 122.0, 122.0, 122.0, 122.0, 122.0, 122.0, 122.0, 122.0, 122.0, 122.0, 122.0, 122.0, 122.0, 122.0, 122.0, 122.0, 122.0, 122.0, 117.0, 117.0, 117.0, 117.0, 122.0, 122.0, 122.0, 128.0, 122.0, 122.0, 122.0, 122.0, 122.0, 122.0, 122.0, 122.0, 122.0, 122.0, 122.0, 122.0, 122.0, 122.0, 122.0, 122.0, 122.0, 122.0, 122.0, 122.0, 122.0, 122.0, 122.0, 122.0, 122.0, 122.0, 122.0, 122.0, 122.0, 122.0, 122.0, 122.0, 122.0, 122.0, 122.0, 122.0, 122.0, 122.0, 122.0, 122.0, 122.0, 122.0, 122.0, 122.0, 122.0, 122.0, 128.0, 122.0, 122.0, 122.0, 122.0, 122.0, 122.0, 122.0, 122.0, 122.0, 122.0, 122.0, 122.0, 122.0, 122.0, 122.0, 122.0, 122.0, 122.0, 122.0, 122.0, 122.0, 122.0, 122.0, 122.0, 122.0, 122.0, 122.0, 122.0, 117.0, 117.0, 117.0, 117.0, 117.0, 122.0, 122.0, 122.0, 122.0, 122.0, 122.0, 117.0, 122.0, 122.0, 122.0, 122.0, 122.0, 117.0, 117.0, 122.0, 122.0, 122.0, 122.0, 122.0, 122.0, 117.0, 122.0, 122.0, 122.0, 117.0, 122.0, 122.0, 122.0, 122.0, 122.0, 122.0, 122.0, 117.0, 133.0, 139.0, 146.0, 139.0, 146.0, 152.0, 152.0, 146.0, 152.0, 152.0, 122.0, 152.0, 146.0, 146.0, 146.0, 146.0, 146.0, 152.0, 146.0, 146.0, 146.0, 122.0, 146.0, 146.0, 139.0, 146.0, 146.0, 146.0, 146.0, 0.0, 0.0, 0.0, 0.0, ]
Testing... weights: [46.57946734740452, 10.147918378848162, 1.1415887538911306E-5, -2.1335807074714615E-4, 8.915417056623322E-9, 
Power model: y = 46.57946734740452 + 10.147918378848162x1 + 1.1415887538911306E-5x2 + -2.1335807074714615E-4x3 + 8.915417056623322E-9x4...So Power Model: y = 46.57946734740452 + 10.147918378848162*CPU + 1.1415887538911306E-5*MEMORY + -2.1335807074714615E-4*HDD + 8.915417056623322E-9*NET
Using power model....
Predicted: 115.53391862442325, actual: 117.0, error: -1.2530610047664523
Predicted: 197.0776037469561, actual: 152.0, error: 29.65631825457638
Predicted: 216.80293224223527, actual: 199.0, error: 8.94619710665089
Predicted: 197.42931466197152, actual: 190.0, error: 3.9101656115639565
Predicted: 218.146034974837, actual: 190.0, error: 14.81370261833526
Predicted: 149.46611267285644, actual: 208.0, error: -28.141291984203637
Predicted: 203.00706097403113, actual: 218.0, error: -6.877494966040764
Predicted: 180.6051212190629, actual: 228.0, error: -20.787227535498722
Predicted: 220.78959362429052, actual: 218.0, error: 1.2796301028855588
Predicted: 123.1917856002179, actual: 218.0, error: -43.49000660540464
Predicted: 204.89118559016774, actual: 182.0, error: 12.577574500092162
Predicted: 219.75360468624885, actual: 228.0, error: -3.6168400498908557
Predicted: 231.7221290169744, actual: 228.0, error: 1.6325127267431607
Predicted: 243.5307465427773, actual: 228.0, error: 6.811730939814609
Predicted: 225.99395045482436, actual: 218.0, error: 3.66694974991943
Predicted: 129.81694942429002, actual: 218.0, error: -40.45094063105962
Predicted: 203.78323223893324, actual: 190.0, error: 7.254332757333283
Predicted: 216.9844913532713, actual: 208.0, error: 4.319466996765046
Predicted: 206.54662961833242, actual: 218.0, error: -5.253839624618157
Predicted: 218.39883648210827, actual: 208.0, error: 4.999440616398205
Predicted: 123.54268627681869, actual: 167.0, error: -26.022343546815158
Predicted: 211.40575866329968, actual: 228.0, error: -7.278176024868562
Predicted: 220.1842231955824, actual: 218.0, error: 1.0019372456800022
Predicted: 220.96832463872593, actual: 218.0, error: 1.3616168067550145
Predicted: 123.99777816954418, actual: 139.0, error: -10.792965345651671
Predicted: 214.98229426498645, actual: 228.0, error: -5.709520059216469
Predicted: 228.12798239654856, actual: 228.0, error: 0.056132630065158104
Predicted: 239.2439109827472, actual: 228.0, error: 4.931539904713682
Predicted: 224.2611918287094, actual: 208.0, error: 7.817880686879519
Predicted: 226.32609108163055, actual: 218.0, error: 3.8193078356103443
Predicted: 114.26311337527777, actual: 122.0, error: -6.341710348132977
Predicted: 216.7831332134057, actual: 199.0, error: 8.936247845932515
Predicted: 121.68448688147254, actual: 208.0, error: -41.497842845445895
Predicted: 190.12282245243927, actual: 228.0, error: -16.61279716998278
Predicted: 218.55840078862502, actual: 218.0, error: 0.25614715074542294
Predicted: 202.93884084806075, actual: 218.0, error: -6.908788601806995
Predicted: 217.48103986238704, actual: 228.0, error: -4.613579007724984
Predicted: 221.20143092925642, actual: 218.0, error: 1.4685462978240449
Predicted: 133.25860188036788, actual: 218.0, error: -38.87220097230831
Predicted: 204.05075519768943, actual: 199.0, error: 2.5380679385374
Predicted: 219.4744884117246, actual: 228.0, error: -3.7392594685418454
Predicted: 232.32557366547087, actual: 228.0, error: 1.8971814322240659
Predicted: 244.64712340319113, actual: 228.0, error: 7.301369913680321
Predicted: 226.35586878042884, actual: 218.0, error: 3.832967330471943
Predicted: 148.1113131058202, actual: 218.0, error: -32.059030685403584
Predicted: 203.18728768889915, actual: 208.0, error: -2.313803995721564
Predicted: 217.31416222839073, actual: 218.0, error: -0.3146044823895742
Predicted: 204.76011551597531, actual: 218.0, error: -6.073341506433342
Predicted: 218.59396985957667, actual: 218.0, error: 0.27246323833792396
Predicted: 122.08273966906346, actual: 167.0, error: -26.89656307241709
Predicted: 210.86228720869133, actual: 228.0, error: -7.516540697942401
Predicted: 211.01507187347917, actual: 218.0, error: -3.204095470881114
Predicted: 221.20980217587498, actual: 218.0, error: 1.472386319208708
Predicted: 124.76183226344172, actual: 146.0, error: -14.54669023051937
Predicted: 214.10683250715374, actual: 228.0, error: -6.093494514406254
Predicted: 228.8881434557229, actual: 228.0, error: 0.3895366033872418
Predicted: 240.06146718623486, actual: 228.0, error: 5.290117186945116
Predicted: 224.83209554712425, actual: 218.0, error: 3.1339887830845203
Predicted: 226.46720774891386, actual: 218.0, error: 3.884040251795351
Predicted: 114.38780278946267, actual: 122.0, error: -6.239505910276502
Predicted: 216.17652826149344, actual: 208.0, error: 3.931023202641079
Predicted: 125.49368660022073, actual: 190.0, error: -33.95069126304172
Predicted: 157.08294176374375, actual: 218.0, error: -27.94360469553039
Predicted: 218.69118263645456, actual: 218.0, error: 0.3170562552543835
Predicted: 195.96188873508783, actual: 190.0, error: 3.137836176362013
Predicted: 210.65172624151015, actual: 228.0, error: -7.608891999337655
Predicted: 177.48133400995448, actual: 159.0, error: 11.623480509405333
Predicted: 221.24909650787347, actual: 218.0, error: 1.4904112421437956
Predicted: 124.33467365685023, actual: 139.0, error: -10.550594491474657
Predicted: 213.30801028348588, actual: 228.0, error: -6.44385513882198
Predicted: 225.5011926428848, actual: 228.0, error: -1.0959681390856129
Predicted: 238.09901431006637, actual: 228.0, error: 4.429392241257178
Predicted: 183.0483446926035, actual: 167.0, error: 9.609787241079944
Predicted: 226.31485550290813, actual: 218.0, error: 3.814153900416574
Predicted: 114.77761758340483, actual: 128.0, error: -10.329986262964974
Predicted: 179.69204468943335, actual: 199.0, error: -9.70249010581239
Predicted: 217.44466423268872, actual: 218.0, error: -0.25474117766572346
Predicted: 203.63898907715446, actual: 228.0, error: -10.684653913528743
Predicted: 218.70004736971484, actual: 218.0, error: 0.3211226466581825
Predicted: 122.79748941165462, actual: 139.0, error: -11.656482437658545
Predicted: 212.93295932739483, actual: 228.0, error: -6.608351172195253
Predicted: 221.1963647710562, actual: 218.0, error: 1.466222372044133
Predicted: 221.30874515783066, actual: 218.0, error: 1.5177730081792005
Predicted: 164.68628892386198, actual: 167.0, error: -1.3854557342143832
Predicted: 215.84136332076386, actual: 228.0, error: -5.332735385629885
Predicted: 229.90085661951056, actual: 228.0, error: 0.8337090436449838
Predicted: 242.1906031130251, actual: 228.0, error: 6.22394873378294
Predicted: 226.57117420235622, actual: 218.0, error: 3.9317312854845037
Predicted: 226.61349397169988, actual: 218.0, error: 3.951144023715542
Predicted: 114.37166382031928, actual: 122.0, error: -6.252734573508784
Predicted: 122.57710350586736, actual: 139.0, error: -11.81503344901629
Predicted: 126.58148256263405, actual: 139.0, error: -8.934185206738093
Predicted: 133.20363146747317, actual: 139.0, error: -4.170049303976135
Predicted: 132.0738865454985, actual: 133.0, error: -0.6963259056402178
Predicted: 137.2439977145152, actual: 133.0, error: 3.19097572519939
Predicted: 138.3854932853606, actual: 133.0, error: 4.049243071699707
Predicted: 137.65995310760357, actual: 139.0, error: -0.964062512515417
Predicted: 139.80142971492262, actual: 139.0, error: 0.5765681402321003
Predicted: 135.96828533836998, actual: 139.0, error: -2.1810896846259133
Predicted: 134.44599657981274, actual: 122.0, error: 10.201636540830117
Predicted: 137.50188165734505, actual: 133.0, error: 3.3848734265752274
Predicted: 147.69295483242445, actual: 133.0, error: 11.04733446046951
Predicted: 145.61967788622317, actual: 133.0, error: 9.488479613701633
Predicted: 145.85202439258117, actual: 139.0, error: 4.9295139514972455
Predicted: 146.84363894095247, actual: 139.0, error: 5.642905712915448
Predicted: 146.3323099928034, actual: 139.0, error: 5.275043160290218
Predicted: 146.18512316199616, actual: 139.0, error: 5.169153353954072
Predicted: 146.1800697351947, actual: 139.0, error: 5.165517795104106
Predicted: 145.41018118085952, actual: 139.0, error: 4.61164113730901
Predicted: 146.64679065695535, actual: 133.0, error: 10.260744854853645
Predicted: 146.27687622599785, actual: 133.0, error: 9.982613703757783
Predicted: 147.03484762000642, actual: 133.0, error: 10.552517007523623
Predicted: 145.50230132656264, actual: 133.0, error: 9.400226561325296
Predicted: 145.88733106629917, actual: 139.0, error: 4.954914436186452
Predicted: 114.84287668735674, actual: 139.0, error: -17.379225404779326
Predicted: 121.80650330752734, actual: 122.0, error: -0.15860384628906865
Predicted: 113.95706728294917, actual: 122.0, error: -6.592567800861337
Predicted: 123.80989678092507, actual: 122.0, error: 1.483521951577928
Predicted: 127.90197153590442, actual: 122.0, error: 4.837681586806903
Predicted: 129.72390252001028, actual: 122.0, error: 6.331067639352692
Predicted: 127.64721279836012, actual: 122.0, error: 4.628862949475505
Predicted: 126.23295987546933, actual: 117.0, error: 7.891418696982336
Predicted: 126.18101633209173, actual: 117.0, error: 7.8470225060613075
Predicted: 126.70227468696092, actual: 117.0, error: 8.292542467487966
Predicted: 127.24403058158575, actual: 122.0, error: 4.298385722611268
Predicted: 127.76522901662769, actual: 122.0, error: 4.7255975546128575
Predicted: 128.02626443783507, actual: 122.0, error: 4.939561014618907
Predicted: 127.5433860544182, actual: 122.0, error: 4.543759060998529
Predicted: 127.74335945980435, actual: 122.0, error: 4.707671688364224
Predicted: 128.18771972159, actual: 122.0, error: 5.071901411139355
Predicted: 128.02386732086254, actual: 122.0, error: 4.937596164641423
Predicted: 128.35548737751077, actual: 122.0, error: 5.209415883205549
Predicted: 128.3243891869472, actual: 122.0, error: 5.183925563071476
Predicted: 128.93380419197348, actual: 122.0, error: 5.683446058994655
Predicted: 112.83746733151138, actual: 122.0, error: -7.510272679089034
Predicted: 107.6210715982438, actual: 117.0, error: -8.016178121159143
Predicted: 112.8365898536982, actual: 122.0, error: -7.510991923198198
Predicted: 114.45019088413532, actual: 122.0, error: -6.188368127757931
Predicted: 116.08754138476579, actual: 122.0, error: -4.846277553470667
Predicted: 117.00856469293932, actual: 122.0, error: -4.0913404156235105
Predicted: 117.80241856314481, actual: 122.0, error: -3.440640522012449
Predicted: 120.52140487836212, actual: 122.0, error: -1.2119632144572792
Predicted: 120.19324432839251, actual: 122.0, error: -1.4809472718094183
Predicted: 120.84094021644664, actual: 122.0, error: -0.9500490029125902
Predicted: 120.73553755876854, actual: 122.0, error: -1.0364446239602119
Predicted: 121.57580702020526, actual: 122.0, error: -0.3476991637661797
Predicted: 122.55187242833355, actual: 122.0, error: 0.452354449453732
Predicted: 122.54466357887902, actual: 122.0, error: 0.44644555645821693
Predicted: 123.03474253771367, actual: 122.0, error: 0.8481496210767776
Predicted: 125.32518744126887, actual: 122.0, error: 2.7255634764498904
Predicted: 125.5048130189723, actual: 122.0, error: 2.872797556534672
Predicted: 125.822087667051, actual: 122.0, error: 3.1328587434844213
Predicted: 125.71310842648595, actual: 122.0, error: 3.0435314971196274
Predicted: 125.797491819282, actual: 122.0, error: 3.1126982125262304
Predicted: 125.68555612601428, actual: 122.0, error: 3.0209476442739973
Predicted: 125.60040678647704, actual: 122.0, error: 2.951153103669703
Predicted: 125.71416722041408, actual: 122.0, error: 3.04439936099515
Predicted: 125.98299565451494, actual: 122.0, error: 3.2647505364876532
Predicted: 128.53770455347302, actual: 122.0, error: 5.358774224158213
Predicted: 128.09406354272483, actual: 122.0, error: 4.995134051413791
Predicted: 128.1884791605924, actual: 122.0, error: 5.072523902124924
Predicted: 128.25327034195027, actual: 122.0, error: 5.12563142782809
Predicted: 128.21472334334547, actual: 122.0, error: 5.094035527332352
Predicted: 128.2678483086605, actual: 122.0, error: 5.137580580869254
Predicted: 128.3975175113383, actual: 122.0, error: 5.243866812572372
Predicted: 128.31735425740695, actual: 122.0, error: 5.178159227382744
Predicted: 128.44873144248766, actual: 122.0, error: 5.285845444662013
Predicted: 128.39437666508238, actual: 117.0, error: 9.73878347442938
Predicted: 129.83654388163822, actual: 117.0, error: 10.971405027041214
Predicted: 110.88019030170881, actual: 117.0, error: -5.230606579736062
Predicted: 118.01316422874785, actual: 117.0, error: 0.8659523322631233
Predicted: 120.28923633446988, actual: 122.0, error: -1.4022652996148552
Predicted: 121.52685571970252, actual: 122.0, error: -0.3878231805717012
Predicted: 122.38335270126692, actual: 122.0, error: 0.31422352562861894
Predicted: 123.42315822484447, actual: 128.0, error: -3.575657636840257
Predicted: 124.45148722726813, actual: 122.0, error: 2.0094157600558455
Predicted: 124.37883687850825, actual: 122.0, error: 1.9498662938592235
Predicted: 125.3908532297437, actual: 122.0, error: 2.7793878932325393
Predicted: 125.40104622734243, actual: 122.0, error: 2.787742809297077
Predicted: 125.3531463237691, actual: 122.0, error: 2.7484805932533574
Predicted: 126.21267508270971, actual: 122.0, error: 3.45301236287681
Predicted: 130.11869240124628, actual: 122.0, error: 6.654665902660883
Predicted: 127.56833161655483, actual: 122.0, error: 4.564206243077729
Predicted: 127.53611540325568, actual: 122.0, error: 4.53779951086531
Predicted: 127.6274412161326, actual: 122.0, error: 4.612656734534914
Predicted: 127.44243774852424, actual: 122.0, error: 4.46101454797069
Predicted: 127.60430334883011, actual: 122.0, error: 4.593691269532881
Predicted: 127.97072887824395, actual: 122.0, error: 4.894040064134382
Predicted: 129.02213608827554, actual: 122.0, error: 5.755849252684873
Predicted: 128.4371107845164, actual: 122.0, error: 5.2763203151773705
Predicted: 128.34445100915028, actual: 122.0, error: 5.200369679631374
Predicted: 129.50963997537286, actual: 122.0, error: 6.1554426027646425
Predicted: 110.57302022607888, actual: 122.0, error: -9.36637686386977
Predicted: 115.53962545734511, actual: 122.0, error: -5.295388969389254
Predicted: 117.57139417411528, actual: 122.0, error: -3.630004775315341
Predicted: 120.35464572183314, actual: 122.0, error: -1.3486510476777565
Predicted: 120.56860581827358, actual: 122.0, error: -1.1732739194478836
Predicted: 122.32184768035214, actual: 122.0, error: 0.26380957405912747
Predicted: 122.19391185404146, actual: 122.0, error: 0.15894414265693418
Predicted: 122.88338970092639, actual: 122.0, error: 0.72408991879212
Predicted: 122.3706540613405, actual: 122.0, error: 0.30381480437746106
Predicted: 126.60923872000978, actual: 122.0, error: 3.778064524598184
Predicted: 126.2215338426532, actual: 122.0, error: 3.4602736415190174
Predicted: 126.47681845061044, actual: 122.0, error: 3.66952332017249
Predicted: 126.3350309387553, actual: 122.0, error: 3.5533040481600784
Predicted: 126.264696379629, actual: 122.0, error: 3.495652770187706
Predicted: 126.30141285002786, actual: 122.0, error: 3.5257482377277527
Predicted: 126.64330949471768, actual: 122.0, error: 3.8059913891128563
Predicted: 126.64846466089598, actual: 122.0, error: 3.810216935160641
Predicted: 126.83805294847174, actual: 122.0, error: 3.965617170878476
Predicted: 131.20968905746173, actual: 122.0, error: 7.548925456935844
Predicted: 128.2715836772068, actual: 122.0, error: 5.140642358366223
Predicted: 128.3580151812349, actual: 122.0, error: 5.211487853471222
Predicted: 128.10400737151372, actual: 122.0, error: 5.003284730748948
Predicted: 128.33037951761054, actual: 122.0, error: 5.188835670172573
Predicted: 128.36992905529834, actual: 122.0, error: 5.221253324015035
Predicted: 128.29983362692536, actual: 122.0, error: 5.163798054856854
Predicted: 128.2414349693899, actual: 122.0, error: 5.115930302778606
Predicted: 129.1802894698498, actual: 122.0, error: 5.885483172008041
Predicted: 110.91674125203018, actual: 122.0, error: -9.08463831800805
Predicted: 108.9841123647398, actual: 122.0, error: -10.668760356770655
Predicted: 112.30021390583099, actual: 128.0, error: -12.265457886069541
Predicted: 117.6946719948682, actual: 122.0, error: -3.528957381255572
Predicted: 117.31150421562523, actual: 122.0, error: -3.843029331454726
Predicted: 118.63493501491925, actual: 122.0, error: -2.7582499877711064
Predicted: 120.76586442790492, actual: 122.0, error: -1.0115865345041675
Predicted: 120.62958684086725, actual: 122.0, error: -1.1232894746989774
Predicted: 120.5738887367717, actual: 122.0, error: -1.1689436583838468
Predicted: 121.08359169892792, actual: 122.0, error: -0.7511543451410505
Predicted: 121.52667450816242, actual: 122.0, error: -0.38797171462097124
Predicted: 124.51213164556735, actual: 122.0, error: 2.0591242996453696
Predicted: 124.46407831222842, actual: 122.0, error: 2.0197363214987076
Predicted: 124.12445655372518, actual: 122.0, error: 1.74135783092228
Predicted: 124.32645524470072, actual: 122.0, error: 1.906930528443217
Predicted: 124.31771743855906, actual: 122.0, error: 1.8997683922615225
Predicted: 124.77703647989779, actual: 122.0, error: 2.276259409752285
Predicted: 124.37331495747205, actual: 122.0, error: 1.9453401290754484
Predicted: 125.22261527061815, actual: 122.0, error: 2.641487926736188
Predicted: 126.53958396040666, actual: 122.0, error: 3.7209704593497204
Predicted: 126.5094959251189, actual: 122.0, error: 3.696308135343359
Predicted: 126.5667959397504, actual: 122.0, error: 3.743275360451153
Predicted: 126.87278944524824, actual: 122.0, error: 3.9940897092198724
Predicted: 126.75034814112672, actual: 122.0, error: 3.8937279845300994
Predicted: 126.666350391403, actual: 122.0, error: 3.824877370002459
Predicted: 126.79006095861064, actual: 122.0, error: 3.9262794742710154
Predicted: 127.01547699630551, actual: 122.0, error: 4.111046718283204
Predicted: 128.3057037347242, actual: 122.0, error: 5.168609618626397
Predicted: 128.2412683574101, actual: 122.0, error: 5.115793735582043
Predicted: 128.36126237746493, actual: 122.0, error: 5.214149489725348
Predicted: 128.30619840519702, actual: 122.0, error: 5.169015086227067
Predicted: 128.33827494546165, actual: 117.0, error: 9.690833286719357
Predicted: 128.38177103553895, actual: 117.0, error: 9.72800943208457
Predicted: 129.33558157716482, actual: 117.0, error: 10.543232117234886
Predicted: 110.94966016084064, actual: 117.0, error: -5.17123063176014
Predicted: 113.47833603091115, actual: 117.0, error: -3.009969204349443
Predicted: 116.7807258673379, actual: 122.0, error: -4.278093551362371
Predicted: 117.9583420731262, actual: 122.0, error: -3.312834366289997
Predicted: 118.9193930152607, actual: 122.0, error: -2.525087692409266
Predicted: 119.3181342238942, actual: 122.0, error: -2.1982506361522907
Predicted: 120.79279050804557, actual: 122.0, error: -0.9895159770118277
Predicted: 123.87611836885849, actual: 122.0, error: 1.5378019416872828
Predicted: 123.56100606273063, actual: 117.0, error: 5.607697489513356
Predicted: 123.5565338953488, actual: 122.0, error: 1.2758474552039398
Predicted: 123.24754201132899, actual: 122.0, error: 1.0225754191221217
Predicted: 123.82033668251933, actual: 122.0, error: 1.4920792479666605
Predicted: 124.94712556063976, actual: 122.0, error: 2.4156766890489854
Predicted: 124.66124416117634, actual: 122.0, error: 2.181347673095362
Predicted: 124.64416215306908, actual: 117.0, error: 6.533471925700065
Predicted: 125.3720817835155, actual: 117.0, error: 7.1556254559961525
Predicted: 125.92722188378168, actual: 122.0, error: 3.219034330968593
Predicted: 125.99481188767928, actual: 122.0, error: 3.2744359735076034
Predicted: 126.0293812796791, actual: 122.0, error: 3.302771540720574
Predicted: 126.36536024172166, actual: 122.0, error: 3.578164132558738
Predicted: 126.36312133751183, actual: 122.0, error: 3.576328965173629
Predicted: 128.07419916516116, actual: 122.0, error: 4.978851774722264
Predicted: 127.91045741847786, actual: 117.0, error: 9.325177280750308
Predicted: 127.97390801528557, actual: 122.0, error: 4.896645914168503
Predicted: 128.0970732390462, actual: 122.0, error: 4.9976010156116475
Predicted: 128.07661059493475, actual: 122.0, error: 4.980828356503893
Predicted: 127.99075351322035, actual: 117.0, error: 9.393806421555858
Predicted: 128.11172397502096, actual: 122.0, error: 5.009609815590955
Predicted: 128.417035363823, actual: 122.0, error: 5.259865052313938
Predicted: 129.03052153331424, actual: 122.0, error: 5.7627225682903624
Predicted: 130.89648919854596, actual: 122.0, error: 7.292204261103249
Predicted: 115.91984512861679, actual: 122.0, error: -4.983733501133782
Predicted: 117.50111655235854, actual: 122.0, error: -3.6876093833126724
Predicted: 142.7224934782042, actual: 122.0, error: 16.985650391970655
Predicted: 145.2345824476766, actual: 117.0, error: 24.13212175015093
Predicted: 143.56868945608218, actual: 133.0, error: 7.946383049685851
Predicted: 144.17687812442293, actual: 139.0, error: 3.7243727513834006
Predicted: 143.84181671116085, actual: 146.0, error: -1.4782077320816127
Predicted: 144.1772393856519, actual: 139.0, error: 3.72463265154812
Predicted: 143.63669978319066, actual: 146.0, error: -1.6186987786365312
Predicted: 143.9479173147545, actual: 152.0, error: -5.297422819240457
Predicted: 143.72701456347392, actual: 152.0, error: -5.442753576661898
Predicted: 138.65778068473367, actual: 146.0, error: -5.028917339223517
Predicted: 125.29732158702367, actual: 152.0, error: -17.567551587484427
Predicted: 144.19678687072536, actual: 152.0, error: -5.133692848206999
Predicted: 143.85870585264155, actual: 122.0, error: 17.916972010361924
Predicted: 144.17693255923476, actual: 152.0, error: -5.146754895240291
Predicted: 142.19463622379268, actual: 146.0, error: -2.606413545347476
Predicted: 143.94331759895488, actual: 146.0, error: -1.4086865760583034
Predicted: 144.04742451800388, actual: 146.0, error: -1.3373804671206306
Predicted: 142.94315913985756, actual: 146.0, error: -2.0937266165359203
Predicted: 143.73418326276024, actual: 146.0, error: -1.5519292720820275
Predicted: 142.24719040276614, actual: 152.0, error: -6.416322103443331
Predicted: 133.31235361937266, actual: 146.0, error: -8.690168753854344
Predicted: 130.06357582892454, actual: 146.0, error: -10.91535902128456
Predicted: 140.56247099427978, actual: 146.0, error: -3.72433493542481
Predicted: 142.84682992812827, actual: 122.0, error: 17.08756551485924
Predicted: 143.3987815479457, actual: 146.0, error: -1.7816564740097927
Predicted: 142.70145630931376, actual: 146.0, error: -2.2592765004700306
Predicted: 144.03421561340696, actual: 139.0, error: 3.6217378513719116
Predicted: 144.12017994655548, actual: 146.0, error: -1.2875479818113142
Predicted: 144.33647413059342, actual: 146.0, error: -1.1394012804154685
Predicted: 143.58894180941056, actual: 146.0, error: -1.6514097195818107
Predicted: 143.37906024173782, actual: 146.0, error: -1.7951642179877956
Regression Analysis took: 1801ms
Number of measurements: 321
Database Update took: 18663ms
Number of bigErrors: 135
AvgError: 5.781819052052562
...So Power Model: y = 46.57946734740452 + 10.147918378848162*CPU + 1.1415887538911306E-5*MEMORY + -2.1335807074714615E-4*HDD + 8.915417056623322E-9*NET
