Analysis of start_t: '2011-04-29 09:49:47' to: '2011-04-29 09:57:52'
Rs1 has 162 results!
Rs2 has 162 results!
Rs3 has 162 results!
Rs4 has 162 results!
Data: [122.0, 0.2357320099255579, 5757000.0, 254.0, 34758.0]
Data: [122.0, 3.8902743142144605, 5872352.0, 33.0, 12982.0]
Data: [190.0, 9.999999999999996, 5902860.0, 105.0, 57808.0]
Data: [190.0, 8.306351183063516, 6484260.0, 0.0, 6300.0]
Data: [218.0, 10.0, 6022348.0, 305.0, 68974.0]
Data: [208.0, 3.4246575342465753, 6282216.0, 54.0, 34600.0]
Data: [218.0, 8.397515527950315, 7044064.0, 8.0, 3338.0]
Data: [218.0, 9.888059701492534, 6251304.0, 254.0, 53330.0]
Data: [208.0, 9.962779156327544, 6257792.0, 57.0, 50846.0]
Data: [159.0, 5.8457711442786024, 6777536.0, 51.0, 32914.0]
Data: [218.0, 8.121890547263678, 7537896.0, 108.0, 36940.0]
Data: [228.0, 8.559006211180128, 8251848.0, 57.0, 29888.0]
Data: [228.0, 8.953922789539222, 8930068.0, 0.0, 11216.0]
Data: [228.0, 10.0, 6715988.0, 105.0, 51018.0]
Data: [218.0, 9.999999999999998, 6720336.0, 105.0, 50086.0]
Data: [159.0, 4.483188044831882, 6023992.0, 0.0, 6508.0]
Data: [228.0, 10.0, 5924964.0, 113.0, 61648.0]
Data: [208.0, 7.745952677459531, 6248468.0, 0.0, 9246.0]
Data: [228.0, 9.97512437810945, 6041512.0, 104.0, 64802.0]
Data: [208.0, 2.798507462686566, 5850484.0, 121.0, 34292.0]
Data: [152.0, 8.151364764267992, 6807088.0, 74.0, 34876.0]
Data: [228.0, 6.869565217391305, 6571996.0, 0.0, 8938.0]
Data: [218.0, 10.000000000000004, 6283456.0, 104.0, 62258.0]
Data: [218.0, 0.796019900497513, 6077924.0, 57.0, 34082.0]
Data: [167.0, 7.855361596009973, 7309908.0, 50.0, 28034.0]
Data: [228.0, 8.397515527950311, 8050892.0, 82.0, 38918.0]
Data: [228.0, 8.841843088418432, 8747916.0, 15.0, 9780.0]
Data: [228.0, 9.999999999999996, 6491996.0, 71.0, 49336.0]
Data: [218.0, 9.987577639751551, 6749600.0, 106.0, 50770.0]
Data: [218.0, 0.1865671641791044, 5813088.0, 0.0, 5514.0]
Data: [174.0, 9.91282689912827, 5938072.0, 155.0, 66068.0]
Data: [218.0, 1.197007481296761, 5863816.0, 109.0, 34818.0]
Data: [218.0, 3.972602739726026, 6112256.0, 0.0, 9150.0]
Data: [199.0, 10.000000000000002, 6057276.0, 107.0, 61912.0]
Data: [218.0, 7.701863354037269, 6471424.0, 51.0, 32288.0]
Data: [228.0, 8.557213930348258, 7208852.0, 37.0, 6780.0]
Data: [228.0, 10.0, 6284788.0, 102.0, 56258.0]
Data: [218.0, 7.584059775840601, 5908632.0, 60.0, 45922.0]
Data: [139.0, 7.5900621118012435, 6909588.0, 57.0, 34124.0]
Data: [228.0, 8.256537982565375, 7676188.0, 58.0, 32328.0]
Data: [228.0, 8.619402985074627, 8400492.0, 81.0, 33780.0]
Data: [228.0, 8.88198757763975, 9088352.0, 0.0, 10654.0]
Data: [208.0, 10.0, 6740220.0, 156.0, 64028.0]
Data: [218.0, 5.707196029776677, 5823640.0, 208.0, 34924.0]
Data: [128.0, 0.23690773067331652, 5818084.0, 132.0, 35152.0]
Data: [139.0, 0.82089552238806, 7026256.0, 54311.0, 34888.0]
Data: [139.0, 0.211706102117061, 8022224.0, 71936.0, 31996.0]
Data: [128.0, 0.907960199004975, 8023008.0, 62898.0, 37120.0]
Data: [139.0, 0.8592777085927771, 8022588.0, 60733.0, 34790.0]
Data: [139.0, 0.893300248138958, 8020436.0, 41560.0, 35128.0]
Data: [139.0, 0.832298136645963, 8018516.0, 47568.0, 34896.0]
Data: [139.0, 0.8728179551122189, 8020620.0, 37984.0, 35024.0]
Data: [139.0, 0.834371108343711, 8018976.0, 38752.0, 34890.0]
Data: [139.0, 0.298879202988792, 8016348.0, 41871.0, 34898.0]
Data: [122.0, 0.835411471321696, 8017696.0, 39603.0, 35602.0]
Data: [139.0, 0.845771144278607, 8016636.0, 28341.0, 32204.0]
Data: [133.0, 0.819875776397516, 7967304.0, 378.0, 37352.0]
Data: [133.0, 0.808457711442786, 7965320.0, 57.0, 34690.0]
Data: [133.0, 0.834371108343711, 7964924.0, 58.0, 34730.0]
Data: [133.0, 0.8977556109725691, 7965676.0, 66.0, 35022.0]
Data: [139.0, 0.8966376089663761, 7966412.0, 59.0, 34920.0]
Data: [128.0, 0.472049689440994, 7967016.0, 81.0, 34716.0]
Data: [139.0, 0.910224438902743, 7965624.0, 56.0, 35154.0]
Data: [133.0, 0.833333333333333, 7965168.0, 58.0, 35258.0]
Data: [133.0, 0.859277708592777, 7964896.0, 61.0, 34734.0]
Data: [133.0, 0.859277708592777, 7964640.0, 61.0, 34814.0]
Data: [139.0, 0.870646766169154, 7964904.0, 79.0, 35148.0]
Data: [139.0, 0.922693266832918, 7965028.0, 199.0, 35254.0]
Data: [139.0, 0.347826086956522, 5825600.0, 183.0, 34924.0]
Data: [128.0, 0.261519302615193, 5824000.0, 4165.0, 13750.0]
Data: [133.0, 0.062111801242236, 7211728.0, 27811.0, 21054.0]
Data: [122.0, 0.1364764267990074, 7213852.0, 41131.0, 67634.0]
Data: [122.0, 0.19925280199252798, 7215260.0, 24266.0, 31894.0]
Data: [122.0, 0.1865671641791044, 7213040.0, 25344.0, 35082.0]
Data: [122.0, 0.199004975124378, 7213944.0, 27238.0, 38270.0]
Data: [122.0, 0.199004975124378, 7213872.0, 19184.0, 35050.0]
Data: [122.0, 0.19875776397515538, 7215364.0, 16590.0, 31898.0]
Data: [117.0, 0.18587360594795543, 7216352.0, 16811.0, 37562.0]
Data: [122.0, 0.186335403726708, 7216216.0, 18504.0, 35258.0]
Data: [122.0, 0.1745635910224439, 7216284.0, 13082.0, 35024.0]
Data: [122.0, 0.19950124688279303, 7214912.0, 12241.0, 35018.0]
Data: [122.0, 0.199004975124378, 7214148.0, 13188.0, 35026.0]
Data: [122.0, 0.1865671641791048, 7213280.0, 12309.0, 35026.0]
Data: [122.0, 0.22388059701492496, 7215920.0, 11646.0, 34922.0]
Data: [122.0, 0.1865671641791044, 7217360.0, 11183.0, 34946.0]
Data: [122.0, 0.1861042183622829, 7217580.0, 10593.0, 35256.0]
Data: [122.0, 0.1870324189526184, 7217572.0, 12368.0, 35252.0]
Data: [122.0, 0.186799501867995, 7217820.0, 11631.0, 34922.0]
Data: [117.0, 0.19950124688279303, 7218520.0, 2447.0, 34916.0]
Data: [133.0, 0.1870324189526184, 5839780.0, 5336.0, 35108.0]
Data: [133.0, 0.199004975124378, 7220460.0, 23852.0, 35362.0]
Data: [117.0, 0.19875776397515518, 7220812.0, 43518.0, 35234.0]
Data: [117.0, 0.19900497512437837, 7221632.0, 23160.0, 34920.0]
Data: [117.0, 0.1870324189526184, 7220740.0, 28557.0, 35128.0]
Data: [117.0, 0.2114427860696514, 7220332.0, 20162.0, 35060.0]
Data: [117.0, 0.199004975124378, 7219872.0, 23748.0, 35154.0]
Data: [122.0, 0.199004975124378, 7219852.0, 18312.0, 35154.0]
Data: [122.0, 0.223880597014926, 7219812.0, 15200.0, 35050.0]
Data: [122.0, 0.19925280199252798, 7220564.0, 16086.0, 35458.0]
Data: [122.0, 0.199004975124378, 7219896.0, 15784.0, 35026.0]
Data: [122.0, 0.1865671641791044, 7219828.0, 11159.0, 34588.0]
Data: [122.0, 0.17456359102244381, 7220028.0, 14437.0, 34714.0]
Data: [122.0, 0.1865671641791044, 7220232.0, 12788.0, 31690.0]
Data: [122.0, 0.1985111662531018, 7219868.0, 11504.0, 37562.0]
Data: [122.0, 0.2111801242236026, 7219760.0, 11988.0, 34898.0]
Data: [122.0, 0.1739130434782608, 7221156.0, 10861.0, 35362.0]
Data: [117.0, 0.186799501867995, 7221848.0, 12432.0, 34898.0]
Data: [117.0, 0.1870324189526184, 7221448.0, 10605.0, 34792.0]
Data: [117.0, 0.1625, 7221888.0, 2218.0, 39464.0]
Data: [128.0, 0.186799501867995, 5846888.0, 5064.0, 30196.0]
Data: [139.0, 0.161892901618929, 7229440.0, 28166.0, 40068.0]
Data: [122.0, 0.2114427860696514, 7229808.0, 49628.0, 35002.0]
Data: [122.0, 0.1861042183622829, 7229644.0, 25008.0, 34794.0]
Data: [122.0, 0.1865671641791044, 7228732.0, 26515.0, 35026.0]
Data: [122.0, 0.19950124688279292, 7228428.0, 21908.0, 35630.0]
Data: [122.0, 0.1870324189526184, 7228500.0, 22058.0, 32000.0]
Data: [122.0, 0.186335403726708, 7227864.0, 18349.0, 37354.0]
Data: [122.0, 0.1872659176029962, 7228056.0, 19112.0, 35258.0]
Data: [122.0, 0.211706102117061, 7227776.0, 14224.0, 35126.0]
Data: [122.0, 0.1985111662531018, 7227432.0, 12923.0, 34922.0]
Data: [122.0, 0.17412935323383083, 7227020.0, 12295.0, 34690.0]
Data: [122.0, 0.17456359102244381, 7226700.0, 13927.0, 35362.0]
Data: [122.0, 0.186799501867995, 7226680.0, 11412.0, 32522.0]
Data: [122.0, 0.17412935323383083, 7226696.0, 11625.0, 37794.0]
Data: [122.0, 0.186799501867995, 7226856.0, 12539.0, 34562.0]
Data: [122.0, 0.19875776397515538, 7226080.0, 9994.0, 35130.0]
Data: [122.0, 0.1861042183622829, 7226420.0, 10773.0, 34898.0]
Data: [122.0, 0.174346201743462, 7226664.0, 5985.0, 34250.0]
Data: [122.0, 0.547945205479452, 5851296.0, 195.0, 35004.0]
Data: [117.0, 0.22443890274314202, 5846832.0, 245.0, 3.54642966E8]
Data: [117.0, 1.084788029925187, 5852144.0, 54.0, 2.136857672E9]
Data: [146.0, 1.144278606965174, 5851636.0, 74.0, 1.987434738E9]
Data: [139.0, 1.12079701120797, 5850728.0, 72.0, 2.094492052E9]
Data: [139.0, 1.130434782608696, 5850876.0, 65.0, 2.195861302E9]
Data: [146.0, 1.1414392059553349, 5851344.0, 90.0, 2.097953118E9]
Data: [146.0, 1.082089552238806, 5851112.0, 63.0, 2.103816618E9]
Data: [146.0, 1.1180124223602481, 5850664.0, 57.0, 2.101708116E9]
Data: [146.0, 1.134663341645885, 5851132.0, 56.0, 2.087986682E9]
Data: [146.0, 1.1830635118306352, 5850840.0, 57.0, 2.23238682E9]
Data: [146.0, 1.144278606965174, 5851324.0, 279.0, 1.821713036E9]
Data: [146.0, 0.1739130434782608, 5849584.0, 68.0, 1.072528526E9]
Data: [133.0, 1.131840796019901, 5850980.0, 64.0, 2.107033988E9]
Data: [152.0, 1.144278606965174, 5846840.0, 65.0, 2.200861706E9]
Data: [146.0, 1.082089552238806, 5846332.0, 57.0, 2.186749524E9]
Data: [146.0, 1.12079701120797, 5845196.0, 78.0, 2.1464255E9]
Data: [146.0, 1.0585305105853051, 5845532.0, 57.0, 2.14336003E9]
Data: [152.0, 1.0958904109589038, 5846268.0, 69.0, 2.104680438E9]
Data: [152.0, 1.131840796019901, 5846184.0, 68.0, 1.851215762E9]
Data: [152.0, 1.192546583850931, 5848776.0, 64.0, 2.142911394E9]
Data: [152.0, 1.109725685785536, 5847788.0, 104.0, 2.057321426E9]
Data: [152.0, 1.106965174129354, 5846936.0, 70.0, 1.202140652E9]
Data: [139.0, 0.199004975124378, 5845804.0, 126.0, 1.645581532E9]
Data: [146.0, 1.119402985074627, 5846348.0, 69.0, 2.166521508E9]
Data: [146.0, 1.1318407960199002, 5844744.0, 69.0, 2.178872496E9]
Data: [146.0, 1.153846153846154, 5845364.0, 104.0, 2.124454116E9]
Data: [146.0, 1.204968944099379, 5849340.0, 59.0, 2.014504802E9]
Data: [139.0, 1.133250311332503, 5849244.0, 56.0, 2.16360127E9]
Data: [146.0, 1.133250311332503, 5850084.0, 61.0, 2.093050028E9]
Data: [139.0, 1.1235955056179772, 5850560.0, 57.0, 2.19433468E9]
Data: [146.0, 1.170610211706102, 5850548.0, 78.0, 2.231985388E9]
Data: [146.0, 1.116625310173697, 5850384.0, 55.0, 2.11183874E9]
X1 data: [0.2357320099255579, 3.8902743142144605, 9.999999999999996, 8.306351183063516, 10.0, 3.4246575342465753, 8.397515527950315, 9.888059701492534, 9.962779156327544, 5.8457711442786024, 8.121890547263678, 8.559006211180128, 8.953922789539222, 10.0, 9.999999999999998, 4.483188044831882, 10.0, 7.745952677459531, 9.97512437810945, 2.798507462686566, 8.151364764267992, 6.869565217391305, 10.000000000000004, 0.796019900497513, 7.855361596009973, 8.397515527950311, 8.841843088418432, 9.999999999999996, 9.987577639751551, 0.1865671641791044, 9.91282689912827, 1.197007481296761, 3.972602739726026, 10.000000000000002, 7.701863354037269, 8.557213930348258, 10.0, 7.584059775840601, 7.5900621118012435, 8.256537982565375, 8.619402985074627, 8.88198757763975, 10.0, 5.707196029776677, 0.23690773067331652, 0.82089552238806, 0.211706102117061, 0.907960199004975, 0.8592777085927771, 0.893300248138958, 0.832298136645963, 0.8728179551122189, 0.834371108343711, 0.298879202988792, 0.835411471321696, 0.845771144278607, 0.819875776397516, 0.808457711442786, 0.834371108343711, 0.8977556109725691, 0.8966376089663761, 0.472049689440994, 0.910224438902743, 0.833333333333333, 0.859277708592777, 0.859277708592777, 0.870646766169154, 0.922693266832918, 0.347826086956522, 0.261519302615193, 0.062111801242236, 0.1364764267990074, 0.19925280199252798, 0.1865671641791044, 0.199004975124378, 0.199004975124378, 0.19875776397515538, 0.18587360594795543, 0.186335403726708, 0.1745635910224439, 0.19950124688279303, 0.199004975124378, 0.1865671641791048, 0.22388059701492496, 0.1865671641791044, 0.1861042183622829, 0.1870324189526184, 0.186799501867995, 0.19950124688279303, 0.1870324189526184, 0.199004975124378, 0.19875776397515518, 0.19900497512437837, 0.1870324189526184, 0.2114427860696514, 0.199004975124378, 0.199004975124378, 0.223880597014926, 0.19925280199252798, 0.199004975124378, 0.1865671641791044, 0.17456359102244381, 0.1865671641791044, 0.1985111662531018, 0.2111801242236026, 0.1739130434782608, 0.186799501867995, 0.1870324189526184, 0.1625, 0.186799501867995, 0.161892901618929, 0.2114427860696514, 0.1861042183622829, 0.1865671641791044, 0.19950124688279292, 0.1870324189526184, 0.186335403726708, 0.1872659176029962, 0.211706102117061, 0.1985111662531018, 0.17412935323383083, 0.17456359102244381, 0.186799501867995, 0.17412935323383083, 0.186799501867995, 0.19875776397515538, 0.1861042183622829, 0.174346201743462, 0.547945205479452, 0.22443890274314202, 1.084788029925187, 1.144278606965174, 1.12079701120797, 1.130434782608696, 1.1414392059553349, 1.082089552238806, 1.1180124223602481, 1.134663341645885, 1.1830635118306352, 1.144278606965174, 0.1739130434782608, 1.131840796019901, 1.144278606965174, 1.082089552238806, 1.12079701120797, 1.0585305105853051, 1.0958904109589038, 1.131840796019901, 1.192546583850931, 1.109725685785536, 1.106965174129354, 0.199004975124378, 1.119402985074627, 1.1318407960199002, 1.153846153846154, 1.204968944099379, 1.133250311332503, 1.133250311332503, 1.1235955056179772, 1.170610211706102, 1.116625310173697, 0.0, 0.0, ]
X2 data: [5757000.0, 5872352.0, 5902860.0, 6484260.0, 6022348.0, 6282216.0, 7044064.0, 6251304.0, 6257792.0, 6777536.0, 7537896.0, 8251848.0, 8930068.0, 6715988.0, 6720336.0, 6023992.0, 5924964.0, 6248468.0, 6041512.0, 5850484.0, 6807088.0, 6571996.0, 6283456.0, 6077924.0, 7309908.0, 8050892.0, 8747916.0, 6491996.0, 6749600.0, 5813088.0, 5938072.0, 5863816.0, 6112256.0, 6057276.0, 6471424.0, 7208852.0, 6284788.0, 5908632.0, 6909588.0, 7676188.0, 8400492.0, 9088352.0, 6740220.0, 5823640.0, 5818084.0, 7026256.0, 8022224.0, 8023008.0, 8022588.0, 8020436.0, 8018516.0, 8020620.0, 8018976.0, 8016348.0, 8017696.0, 8016636.0, 7967304.0, 7965320.0, 7964924.0, 7965676.0, 7966412.0, 7967016.0, 7965624.0, 7965168.0, 7964896.0, 7964640.0, 7964904.0, 7965028.0, 5825600.0, 5824000.0, 7211728.0, 7213852.0, 7215260.0, 7213040.0, 7213944.0, 7213872.0, 7215364.0, 7216352.0, 7216216.0, 7216284.0, 7214912.0, 7214148.0, 7213280.0, 7215920.0, 7217360.0, 7217580.0, 7217572.0, 7217820.0, 7218520.0, 5839780.0, 7220460.0, 7220812.0, 7221632.0, 7220740.0, 7220332.0, 7219872.0, 7219852.0, 7219812.0, 7220564.0, 7219896.0, 7219828.0, 7220028.0, 7220232.0, 7219868.0, 7219760.0, 7221156.0, 7221848.0, 7221448.0, 7221888.0, 5846888.0, 7229440.0, 7229808.0, 7229644.0, 7228732.0, 7228428.0, 7228500.0, 7227864.0, 7228056.0, 7227776.0, 7227432.0, 7227020.0, 7226700.0, 7226680.0, 7226696.0, 7226856.0, 7226080.0, 7226420.0, 7226664.0, 5851296.0, 5846832.0, 5852144.0, 5851636.0, 5850728.0, 5850876.0, 5851344.0, 5851112.0, 5850664.0, 5851132.0, 5850840.0, 5851324.0, 5849584.0, 5850980.0, 5846840.0, 5846332.0, 5845196.0, 5845532.0, 5846268.0, 5846184.0, 5848776.0, 5847788.0, 5846936.0, 5845804.0, 5846348.0, 5844744.0, 5845364.0, 5849340.0, 5849244.0, 5850084.0, 5850560.0, 5850548.0, 5850384.0, 0.0, 0.0, ]
X3 data: [254.0, 33.0, 105.0, 0.0, 305.0, 54.0, 8.0, 254.0, 57.0, 51.0, 108.0, 57.0, 0.0, 105.0, 105.0, 0.0, 113.0, 0.0, 104.0, 121.0, 74.0, 0.0, 104.0, 57.0, 50.0, 82.0, 15.0, 71.0, 106.0, 0.0, 155.0, 109.0, 0.0, 107.0, 51.0, 37.0, 102.0, 60.0, 57.0, 58.0, 81.0, 0.0, 156.0, 208.0, 132.0, 54311.0, 71936.0, 62898.0, 60733.0, 41560.0, 47568.0, 37984.0, 38752.0, 41871.0, 39603.0, 28341.0, 378.0, 57.0, 58.0, 66.0, 59.0, 81.0, 56.0, 58.0, 61.0, 61.0, 79.0, 199.0, 183.0, 4165.0, 27811.0, 41131.0, 24266.0, 25344.0, 27238.0, 19184.0, 16590.0, 16811.0, 18504.0, 13082.0, 12241.0, 13188.0, 12309.0, 11646.0, 11183.0, 10593.0, 12368.0, 11631.0, 2447.0, 5336.0, 23852.0, 43518.0, 23160.0, 28557.0, 20162.0, 23748.0, 18312.0, 15200.0, 16086.0, 15784.0, 11159.0, 14437.0, 12788.0, 11504.0, 11988.0, 10861.0, 12432.0, 10605.0, 2218.0, 5064.0, 28166.0, 49628.0, 25008.0, 26515.0, 21908.0, 22058.0, 18349.0, 19112.0, 14224.0, 12923.0, 12295.0, 13927.0, 11412.0, 11625.0, 12539.0, 9994.0, 10773.0, 5985.0, 195.0, 245.0, 54.0, 74.0, 72.0, 65.0, 90.0, 63.0, 57.0, 56.0, 57.0, 279.0, 68.0, 64.0, 65.0, 57.0, 78.0, 57.0, 69.0, 68.0, 64.0, 104.0, 70.0, 126.0, 69.0, 69.0, 104.0, 59.0, 56.0, 61.0, 57.0, 78.0, 55.0, 0.0, 0.0, ]
X4 data: [34758.0, 12982.0, 57808.0, 6300.0, 68974.0, 34600.0, 3338.0, 53330.0, 50846.0, 32914.0, 36940.0, 29888.0, 11216.0, 51018.0, 50086.0, 6508.0, 61648.0, 9246.0, 64802.0, 34292.0, 34876.0, 8938.0, 62258.0, 34082.0, 28034.0, 38918.0, 9780.0, 49336.0, 50770.0, 5514.0, 66068.0, 34818.0, 9150.0, 61912.0, 32288.0, 6780.0, 56258.0, 45922.0, 34124.0, 32328.0, 33780.0, 10654.0, 64028.0, 34924.0, 35152.0, 34888.0, 31996.0, 37120.0, 34790.0, 35128.0, 34896.0, 35024.0, 34890.0, 34898.0, 35602.0, 32204.0, 37352.0, 34690.0, 34730.0, 35022.0, 34920.0, 34716.0, 35154.0, 35258.0, 34734.0, 34814.0, 35148.0, 35254.0, 34924.0, 13750.0, 21054.0, 67634.0, 31894.0, 35082.0, 38270.0, 35050.0, 31898.0, 37562.0, 35258.0, 35024.0, 35018.0, 35026.0, 35026.0, 34922.0, 34946.0, 35256.0, 35252.0, 34922.0, 34916.0, 35108.0, 35362.0, 35234.0, 34920.0, 35128.0, 35060.0, 35154.0, 35154.0, 35050.0, 35458.0, 35026.0, 34588.0, 34714.0, 31690.0, 37562.0, 34898.0, 35362.0, 34898.0, 34792.0, 39464.0, 30196.0, 40068.0, 35002.0, 34794.0, 35026.0, 35630.0, 32000.0, 37354.0, 35258.0, 35126.0, 34922.0, 34690.0, 35362.0, 32522.0, 37794.0, 34562.0, 35130.0, 34898.0, 34250.0, 35004.0, 3.54642966E8, 2.136857672E9, 1.987434738E9, 2.094492052E9, 2.195861302E9, 2.097953118E9, 2.103816618E9, 2.101708116E9, 2.087986682E9, 2.23238682E9, 1.821713036E9, 1.072528526E9, 2.107033988E9, 2.200861706E9, 2.186749524E9, 2.1464255E9, 2.14336003E9, 2.104680438E9, 1.851215762E9, 2.142911394E9, 2.057321426E9, 1.202140652E9, 1.645581532E9, 2.166521508E9, 2.178872496E9, 2.124454116E9, 2.014504802E9, 2.16360127E9, 2.093050028E9, 2.19433468E9, 2.231985388E9, 2.11183874E9, 0.0, 0.0, ]
Y data: [122.0, 122.0, 190.0, 190.0, 218.0, 208.0, 218.0, 218.0, 208.0, 159.0, 218.0, 228.0, 228.0, 228.0, 218.0, 159.0, 228.0, 208.0, 228.0, 208.0, 152.0, 228.0, 218.0, 218.0, 167.0, 228.0, 228.0, 228.0, 218.0, 218.0, 174.0, 218.0, 218.0, 199.0, 218.0, 228.0, 228.0, 218.0, 139.0, 228.0, 228.0, 228.0, 208.0, 218.0, 128.0, 139.0, 139.0, 128.0, 139.0, 139.0, 139.0, 139.0, 139.0, 139.0, 122.0, 139.0, 133.0, 133.0, 133.0, 133.0, 139.0, 128.0, 139.0, 133.0, 133.0, 133.0, 139.0, 139.0, 139.0, 128.0, 133.0, 122.0, 122.0, 122.0, 122.0, 122.0, 122.0, 117.0, 122.0, 122.0, 122.0, 122.0, 122.0, 122.0, 122.0, 122.0, 122.0, 122.0, 117.0, 133.0, 133.0, 117.0, 117.0, 117.0, 117.0, 117.0, 122.0, 122.0, 122.0, 122.0, 122.0, 122.0, 122.0, 122.0, 122.0, 122.0, 117.0, 117.0, 117.0, 128.0, 139.0, 122.0, 122.0, 122.0, 122.0, 122.0, 122.0, 122.0, 122.0, 122.0, 122.0, 122.0, 122.0, 122.0, 122.0, 122.0, 122.0, 122.0, 122.0, 117.0, 117.0, 146.0, 139.0, 139.0, 146.0, 146.0, 146.0, 146.0, 146.0, 146.0, 146.0, 133.0, 152.0, 146.0, 146.0, 146.0, 152.0, 152.0, 152.0, 152.0, 152.0, 139.0, 146.0, 146.0, 146.0, 146.0, 139.0, 146.0, 139.0, 146.0, 146.0, 0.0, 0.0, ]
Testing... weights: [54.88985725256677, 9.690404923918441, 1.0396037526883544E-5, -2.7509551771539366E-4, 8.849481378189663E-9, 
Power model: y = 54.88985725256677 + 9.690404923918441x1 + 1.0396037526883544E-5x2 + -2.7509551771539366E-4x3 + 8.849481378189663E-9x4...So Power Model: y = 54.88985725256677 + 9.690404923918441*CPU + 1.0396037526883544E-5*MEMORY + -2.7509551771539366E-4*HDD + 8.849481378189663E-9*NET
Using power model....
Predicted: 116.9546172533172, actual: 122.0, error: -4.1355596284285285
Predicted: 153.6284191173763, actual: 122.0, error: 25.924933702767454
Predicted: 213.13188710915034, actual: 190.0, error: 12.1746774258686
Predicted: 202.7924297025238, actual: 190.0, error: 6.7328577381704235
Predicted: 214.31916855092862, actual: 218.0, error: -1.6884547931520075
Predicted: 153.37177980725147, actual: 208.0, error: -26.26356740035987
Predicted: 209.4933655344946, actual: 218.0, error: -3.902125901607988
Predicted: 215.62854832920894, actual: 218.0, error: -1.0878218673353488
Predicted: 216.47423142860723, actual: 208.0, error: 4.074149725291935
Predicted: 181.98352672941527, actual: 159.0, error: 14.455048257493882
Predicted: 211.92913167697156, actual: 218.0, error: -2.7848019830405666
Predicted: 223.6011987081638, actual: 228.0, error: -1.9292988122088628
Predicted: 234.4944160421082, actual: 228.0, error: 2.848428088643953
Predicted: 221.5851362233316, actual: 228.0, error: -2.813536744152806
Predicted: 221.63032994678179, actual: 218.0, error: 1.6652889664136628
Predicted: 160.959469243129, actual: 159.0, error: 1.2323705931628974
Predicted: 213.3595143405114, actual: 228.0, error: -6.42126564012658
Predicted: 194.91066485449562, actual: 208.0, error: -6.292949589184797
Predicted: 214.33260064426457, actual: 228.0, error: -5.994473401638345
Predicted: 142.7973958718108, actual: 208.0, error: -31.347405830860186
Predicted: 204.62657636388488, actual: 152.0, error: 34.622747607819
Predicted: 189.78152199954744, actual: 228.0, error: -16.762490351075684
Predicted: 217.08889188344202, actual: 218.0, error: -0.41793950300824917
Predicted: 125.77455956894563, actual: 218.0, error: -42.30524790415338
Predicted: 206.99206313824308, actual: 167.0, error: 23.947343196552744
Predicted: 219.94034500184816, actual: 228.0, error: -3.5349364026981767
Predicted: 231.51052018627811, actual: 228.0, error: 1.5397018360868924
Predicted: 219.26584534838452, actual: 228.0, error: -3.8307695840418785
Predicted: 221.81391284557785, actual: 218.0, error: 1.7495013053109385
Predicted: 117.13089841008619, actual: 218.0, error: -46.270230087116424
Predicted: 212.63952805745674, actual: 174.0, error: 22.206625320377437
Predicted: 127.42011833984392, actual: 218.0, error: -41.550404431264255
Predicted: 156.92931012505343, actual: 218.0, error: -28.014077924287417
Predicted: 214.7366877671378, actual: 199.0, error: 7.907883300069243
Predicted: 196.78745443890259, actual: 218.0, error: -9.730525486741934
Predicted: 212.74610264131476, actual: 228.0, error: -6.690305859072472
Predicted: 217.103236499575, actual: 228.0, error: -4.779282237028513
Predicted: 189.79272810703023, actual: 218.0, error: -12.93911554723384
Predicted: 200.25759019210935, actual: 139.0, error: 44.07020877130169
Predicted: 214.68532263075753, actual: 228.0, error: -5.839770775983542
Predicted: 225.72520865520224, actual: 228.0, error: -0.9977155021042816
Predicted: 235.44285614101116, actual: 228.0, error: 3.2644105881627907
Predicted: 221.82313826503227, actual: 208.0, error: 6.645739550496284
Predicted: 170.68076693594537, actual: 218.0, error: -21.706070212869097
Predicted: 117.63460715958952, actual: 128.0, error: -8.097963156570687
Predicted: 120.94948439229486, actual: 139.0, error: -12.985982451586429
Predicted: 120.55172884564294, actual: 139.0, error: -13.272137521120186
Predicted: 129.79322210169937, actual: 128.0, error: 1.4009547669526334
Predicted: 129.91266389770132, actual: 139.0, error: -6.537651872157323
Predicted: 135.4943931619679, actual: 139.0, error: -2.522019307936758
Predicted: 133.2305216848214, actual: 139.0, error: -4.150703823869488
Predicted: 136.2815649706776, actual: 139.0, error: -1.955708654188772
Predicted: 135.6806338283128, actual: 139.0, error: -2.388033217041146
Predicted: 129.60615679636393, actual: 139.0, error: -6.758160578155444
Predicted: 135.44330845405784, actual: 122.0, error: 11.019105290211346
Predicted: 138.63077373008423, actual: 139.0, error: -0.26563041001134596
Predicted: 145.55952132539213, actual: 133.0, error: 9.443249116836185
Predicted: 145.51653201794704, actual: 133.0, error: 9.410926329283491
Predicted: 145.7632517544721, actual: 133.0, error: 9.596429890580522
Predicted: 146.38309289097398, actual: 133.0, error: 10.062475857875176
Predicted: 146.3818352484249, actual: 139.0, error: 5.310672840593448
Predicted: 142.26763168240217, actual: 128.0, error: 11.146587251876694
Predicted: 146.50613241190132, actual: 139.0, error: 5.400095260360661
Predicted: 145.75573660008436, actual: 133.0, error: 9.59077939855967
Predicted: 146.00349045595777, actual: 133.0, error: 9.777060493201335
Predicted: 146.0008297783094, actual: 133.0, error: 9.775059983691275
Predicted: 146.10879634014282, actual: 139.0, error: 5.114241971325768
Predicted: 146.5814265910202, actual: 139.0, error: 5.45426373454691
Predicted: 118.77355567443605, actual: 139.0, error: -14.551398795369746
Predicted: 116.82495659598284, actual: 128.0, error: -8.730502659388407
Predicted: 122.8146455526329, actual: 133.0, error: -7.658161238621883
Predicted: 119.89348998287426, actual: 122.0, error: -1.7266475550211005
Predicted: 125.15562572479882, actual: 122.0, error: 2.586578462949856
Predicted: 124.71309279840833, actual: 122.0, error: 2.223846556072398
Predicted: 124.32201554235313, actual: 122.0, error: 1.903291428158302
Predicted: 126.53685783200093, actual: 122.0, error: 3.7187359278696173
Predicted: 127.26354302324182, actual: 122.0, error: 4.314379527247396
Predicted: 127.08821561397849, actual: 117.0, error: 8.622406507673924
Predicted: 126.62551965964663, actual: 122.0, error: 3.7914095570873996
Predicted: 128.00371878467985, actual: 122.0, error: 4.921080971049055
Predicted: 128.46246668163482, actual: 122.0, error: 5.297103837405592
Predicted: 128.18919965019234, actual: 122.0, error: 5.073114467370767
Predicted: 128.301457425264, actual: 122.0, error: 5.165129037101643
Predicted: 128.87287264551472, actual: 122.0, error: 5.633502168454687
Predicted: 128.6536301033627, actual: 122.0, error: 5.453795166690738
Predicted: 128.81374019798704, actual: 122.0, error: 5.585032949169709
Predicted: 128.33435708991507, actual: 122.0, error: 5.192095975340224
Predicted: 128.53742072258544, actual: 122.0, error: 5.358541575889704
Predicted: 131.1942601828893, actual: 117.0, error: 12.131846310161801
Predicted: 115.94525015992447, actual: 133.0, error: -12.82312018050792
Predicted: 125.32120381157081, actual: 133.0, error: -5.773530968743751
Predicted: 119.91243805651804, actual: 117.0, error: 2.4892632961692662
Predicted: 125.5237501543406, actual: 117.0, error: 7.285256542171456
Predicted: 123.91376930317004, actual: 117.0, error: 5.909204532623968
Predicted: 126.45550033102063, actual: 117.0, error: 8.081624214547547
Predicted: 125.34369903465524, actual: 117.0, error: 7.131366696286534
Predicted: 126.8389103482056, actual: 122.0, error: 3.9663199575455748
Predicted: 127.93564568634248, actual: 122.0, error: 4.865283349461051
Predicted: 127.46107918230494, actual: 122.0, error: 4.476294411725363
Predicted: 127.53480810990769, actual: 122.0, error: 4.536727958940727
Predicted: 128.68588664828985, actual: 122.0, error: 5.480234957614632
Predicted: 127.66988437933692, actual: 122.0, error: 4.647446212571246
Predicted: 128.2419304032953, actual: 122.0, error: 5.116336396143688
Predicted: 128.70716307104593, actual: 122.0, error: 5.4976746483983
Predicted: 128.69563782609862, actual: 122.0, error: 5.488227726310343
Predicted: 128.65905434635602, actual: 122.0, error: 5.45824126750493
Predicted: 128.35894423966616, actual: 117.0, error: 9.708499350142015
Predicted: 128.85964145834006, actual: 117.0, error: 10.136445690888944
Predicted: 130.93375409329383, actual: 117.0, error: 11.909191532729768
Predicted: 116.09167064596792, actual: 128.0, error: -9.303382307837559
Predicted: 123.86820879096334, actual: 139.0, error: -10.886180725925657
Predicted: 118.44804814435368, actual: 122.0, error: -2.911435947251084
Predicted: 124.9736520183836, actual: 122.0, error: 2.437419687199675
Predicted: 124.5540900724645, actual: 122.0, error: 2.0935164528397574
Predicted: 125.9436365709761, actual: 122.0, error: 3.2324889926033578
Predicted: 125.78226064283324, actual: 122.0, error: 3.100213641666587
Predicted: 126.78927105851861, actual: 122.0, error: 3.925632015179187
Predicted: 126.59036772544253, actual: 122.0, error: 3.762596496264371
Predicted: 128.16895784175287, actual: 122.0, error: 5.05652282110891
Predicted: 128.39541479663026, actual: 122.0, error: 5.242143275926445
Predicted: 128.32761992027875, actual: 122.0, error: 5.186573705146516
Predicted: 127.87955119021507, actual: 122.0, error: 4.819304254274646
Predicted: 128.68975429469796, actual: 122.0, error: 5.483405159588494
Predicted: 128.50859306977958, actual: 122.0, error: 5.3349123522783435
Predicted: 128.38156940177947, actual: 122.0, error: 5.2307945916225185
Predicted: 129.18950559775445, actual: 122.0, error: 5.893037375208563
Predicted: 128.85612080842162, actual: 122.0, error: 5.619771154443953
Predicted: 130.061869103797, actual: 122.0, error: 6.608089429341798
Predicted: 120.97662710797759, actual: 122.0, error: -0.8388302393626297
Predicted: 120.919653907894, actual: 117.0, error: 3.350131545208549
Predicted: 145.13622817413705, actual: 117.0, error: 24.0480582684932
Predicted: 144.37961738548665, actual: 146.0, error: -1.1098511058310592
Predicted: 145.09058350994258, actual: 139.0, error: 4.381714755354372
Predicted: 146.08450698975383, actual: 139.0, error: 5.096767618527938
Predicted: 145.32269561447632, actual: 146.0, error: -0.463907113372386
Predicted: 144.80447807020192, actual: 146.0, error: -0.8188506368479974
Predicted: 145.13091922681738, actual: 146.0, error: -0.5952608035497375
Predicted: 145.17598624346593, actual: 146.0, error: -0.5643929839274464
Predicted: 146.91955908470618, actual: 146.0, error: 0.6298349895247805
Predicted: 142.85342812483572, actual: 146.0, error: -2.155186215865948
Predicted: 126.86025456928928, actual: 146.0, error: -13.109414678568983
Predicted: 145.3134124513398, actual: 133.0, error: 9.258204850631419
Predicted: 146.22095182808664, actual: 152.0, error: -3.8020053762587893
Predicted: 145.49034879121587, actual: 146.0, error: -0.3490761704000923
Predicted: 145.49100613821878, actual: 146.0, error: -0.3486259327268636
Predicted: 144.8697607887904, actual: 146.0, error: -0.7741364460339815
Predicted: 144.89384935961505, actual: 152.0, error: -4.675099105516417
Predicted: 142.9985940461015, actual: 152.0, error: -5.921977601249021
Predicted: 146.19625968623345, actual: 152.0, error: -3.8182502064253643
Predicted: 144.61498971405615, actual: 152.0, error: -4.8585593986472695
Predicted: 137.02082872744117, actual: 152.0, error: -9.854717942472915
Predicted: 132.11937489069692, actual: 139.0, error: -4.950090006692865
Predicted: 145.6697888039745, actual: 146.0, error: -0.2261720520722518
Predicted: 145.88294082251647, actual: 146.0, error: -0.0801775188243328
Predicted: 145.61142441005398, actual: 146.0, error: -0.26614766434658566
Predicted: 145.18754448516464, actual: 146.0, error: -0.5564763800242216
Predicted: 145.8118155771342, actual: 139.0, error: 4.90058674613972
Predicted: 145.19483086878108, actual: 146.0, error: -0.5514857063143273
Predicted: 146.00363742964961, actual: 139.0, error: 5.038588078884615
Predicted: 146.78651645002188, actual: 146.0, error: 0.538709897275259
Predicted: 145.20476761702014, actual: 146.0, error: -0.5446797143697681
Regression Analysis took: 1345ms
Number of measurements: 163
Database Update took: 0ms
Number of bigErrors: 88
AvgError: 7.310124118121885
...So Power Model: y = 54.88985725256677 + 9.690404923918441*CPU + 1.0396037526883544E-5*MEMORY + -2.7509551771539366E-4*HDD + 8.849481378189663E-9*NET
